shrinking_speed_steady_state,velocity_decay_timescale,equilibrium_density,P0_end_fit,lengthscale_density_end_fit,accumulation_end_fit,accumulation_timescale
0.265072712038243,3.096549014325714,0.058823529411764705,0.10750374895198539,42.02187833458424,4.566322609731691,4.294576010489028
0.26363097806048835,3.2036435407310666,0.058823529411764705,0.11193055200510942,42.238965103224224,4.778486553423838,4.412707242819146
0.26211110760783796,3.317548640970935,0.058823529411764705,0.11659623389178943,42.470215468897756,5.004439197382314,4.538851716187388
0.2605066823440118,3.4389099115327246,0.058823529411764705,0.12152030459820179,42.7170397147378,5.245552313728175,4.673832766548209
0.2588105730062196,3.568411075748518,0.058823529411764705,0.12672442538400358,42.98104421396357,5.503382446164039,4.8185999831499124
0.2570148474857039,3.706870087991256,0.058823529411764705,0.13223267615017334,43.264058678700266,5.779703964648711,4.974232189675629
0.255110655131044,3.8552032036292627,0.058823529411764705,0.13807190471950853,43.56817927966885,6.0765472419579485,5.1419712027416775
0.25308809973049495,4.014454513419683,0.058823529411764705,0.14427209974462848,43.89581365021957,6.396244796234952,5.323250822327849
0.25093608312679444,4.185808000969835,0.058823529411764705,0.15086685976956765,44.249743898717476,6.741489560298583,5.519729679133401
0.2486421290499416,4.370632763184349,0.058823529411764705,0.1578939121532042,44.63319812574406,7.115403604750043,5.733343342090354
0.2461921750578375,4.570496372340298,0.058823529411764705,0.1653957270150147,45.04994131272756,7.521628466980477,5.966353412191473
0.24357032896949188,4.787217468312997,0.058823529411764705,0.17342023377063367,45.504388889214724,7.964431051339871,6.22142338957518
0.24075858717961943,5.02290080063756,0.058823529411764705,0.1820216434406402,46.001747422168705,8.448839393042892,6.501700409043743
0.23773650190616336,5.2799917484157985,0.058823529411764705,0.1912614202481089,46.548195645825025,8.98081456730821,6.81092848764892
0.23448080857094425,5.561365249671382,0.058823529411764705,0.20120934989457384,47.15110649918461,9.567467851568473,7.153578921414721
0.23096498569727586,5.870315015651243,0.058823529411764705,0.2119448051934118,47.81933998241868,10.217335769019359,7.535031303798825
0.22715876744809269,6.210776297553018,0.058823529411764705,0.22355812288353596,48.56361336422287,10.940735472183642,7.961782435435009
0.2230276152117823,6.587322458630386,0.058823529411764705,0.23615206635185418,49.39697600990256,11.750219980716963,8.44172586846199
0.21853215878737245,7.005318850319982,0.058823529411764705,0.2498433402544665,50.335427914950465,12.661163340586372,8.984471029494873
0.21362767621925038,7.470888519392214,0.058823529411764705,0.2647639195596634,51.39871232755497,13.692524540815846,9.60177807328725
0.20826370923921658,7.9910978538594675,0.058823529411764705,0.2810618871187229,52.61133107605452,14.867805358006823,10.308005356259137
0.2023839965621117,8.5738147983339,0.058823529411764705,0.2989012159430056,54.00382960750709,16.21629037117747,11.120649010570276
0.19592707598139256,9.227417594694511,0.058823529411764705,0.31845941916354126,55.6143652593302,17.774553225191358,12.060798228287608
0.1888281263478851,9.960146229349919,0.058823529411764705,0.3399213698722356,57.49050755173712,19.588218501982396,13.153339419043196
0.1810229328433028,10.778501000388365,0.058823529411764705,0.36346674546949104,59.69105797021087,21.713827017362064,14.426507626295697
0.1724554422380092,11.684886434499923,0.058823529411764705,0.38924688157347653,62.28722169496914,24.220299507257927,15.909910174324414
0.16309030507818842,12.673337650282035,0.058823529411764705,0.41734748779606756,65.36194756027108,27.189083323241135,17.629949385838486
0.1529316456348633,13.723877880849976,0.058823529411764705,0.4477342983248072,69.00509425114801,30.71117274379314,19.601009368570228
0.14204594481827468,14.796736790008403,0.058823529411764705,0.4801891371303924,73.30178595874574,34.878610343252724,21.811966412188813
0.13058132293159116,15.830062015613676,0.058823529411764705,0.514259298078032,78.31260211016362,39.76844124547576,24.210395122338983
0.11876886805612641,16.74611378656326,0.058823529411764705,0.5492600056497366,84.04969523030576,45.420077093951726,26.692402072142823
0.24158875828557352,2.941412237064249,0.058823529411764705,0.09256855934333068,45.85380802651545,4.28329410007018,4.536684834719764
0.23950229117009358,3.038340721255849,0.058823529411764705,0.0960656721544432,46.227390604246196,4.480591552133561,4.667647221437884
0.2373257675387423,3.141268663217331,0.058823529411764705,0.0997285590503743,46.62343569474161,4.690456905915174,4.807463992896806
0.2350533121779456,3.250729188841632,0.058823529411764705,0.10356919715833121,47.04399600847172,4.914101833317259,4.95702712568368
0.23267853431492203,3.367317319715077,0.058823529411764705,0.1076007538941428,47.49139036007245,5.152893794235232,5.117349767366278
0.23019448988148833,3.491689545551539,0.058823529411764705,0.11183769069037698,47.968227386012494,5.40838188831118,5.289575624182667
0.22759361917393345,3.6245909859904093,0.058823529411764705,0.11629593552233637,48.47745812128385,5.682329271239711,5.475016886443475
0.2248676894538263,3.766859555882605,0.058823529411764705,0.12099305001162583,49.02242649241837,5.9767450284897174,5.67517247944957
0.22200771796079702,3.919429345267383,0.058823529411764705,0.12594845569226712,49.606943272119274,6.293931477399385,5.891759726659289
0.21900390898548383,4.083362082291725,0.058823529411764705,0.13118363787293238,50.235354859893626,6.636533071885121,6.1267529359587245
0.21584556387050685,4.259849447436943,0.058823529411764705,0.13672243469849976,50.91264697150911,7.00760370085234,6.382436144242336
0.2125210094782374,4.450250132194759,0.058823529411764705,0.14259130297757736,51.6445478843561,7.410680856958154,6.661456887969342
0.20901749615807336,4.656087119406864,0.058823529411764705,0.14881968969212367,52.43767790200007,7.8498790978885005,6.966884176383872
0.205321128517648,4.879082488855251,0.058823529411764705,0.1554403621788887,53.29970091039916,8.330005919433027,7.302293701662532
0.20141678463102836,5.121190467213605,0.058823529411764705,0.1624898191120672,54.239524506496785,8.856699448477704,7.671864466769975
0.19728805470524108,5.384628362006932,0.058823529411764705,0.17000872172669323,55.267536476081894,9.436600800679907,8.08046854215215
0.19291721759833397,5.671755023235774,0.058823529411764705,0.17804232122641772,56.395881245307955,10.077556659285499,8.533817060559393
0.18828526719500344,5.985331981635194,0.058823529411764705,0.1866408792015968,57.63878875883699,10.788876109467175,9.038565256354016
0.1833720315414659,6.328246627162062,0.058823529411764705,0.19586000858814512,59.01295043538673,11.581626593307456,9.602470813453184
0.1781564233051478,6.703725776178188,0.058823529411764705,0.2057608790516844,60.53794448699997,12.468989646025593,10.234488072731082
0.17261691546957053,7.114865649085984,0.058823529411764705,0.21641009857044702,62.23667506621882,13.466667872419073,10.944872521922314
0.1667322989635837,7.564723565446617,0.058823529411764705,0.2278791698355021,64.13581066706408,14.593336740718007,11.745132307623532
0.16048293320556734,8.05582656280887,0.058823529411764705,0.24024301944995885,66.26607947596258,15.871083081609871,12.647803592756889
0.15385250536033324,8.589727013683902,0.058823529411764705,0.25357752629906916,68.66237098539006,17.32581088218658,13.665928487941157
0.14683065972213688,9.16585563535441,0.058823529411764705,0.2679550032901228,71.36326084036287,18.987414206340826,14.811940992655577
0.1394163996571751,9.780912724808575,0.058823529411764705,0.28343751527802047,74.4097561873675,20.889598637411968,16.0958898694036
0.1316222569435615,10.427297501092367,0.058823529411764705,0.30006739686662287,77.8427778812021,23.068989661761755,17.52271028545832
0.12347869333730879,11.091970460191147,0.058823529411764705,0.3178552047697769,81.69911066465902,25.563266639114676,19.088678416695032
0.115037629148686,11.755783247547201,0.058823529411764705,0.3367666307731616,86.00586312367909,28.40803258072271,20.777488497704585
0.10637339992754744,12.394112688191818,0.058823529411764705,0.3567116188679271,90.77432330047179,31.632463142382175,22.55725463136125
0.09757968274601063,12.97852618158757,0.058823529411764705,0.37753963957765896,95.99474692246969,35.25419683634905,24.379624504016185
0.22417183602034757,2.8424993361852255,0.058823529411764705,0.08153930708580119,49.16342790903719,4.039225134752157,4.75878818656448
0.22173923820658953,2.932947783254898,0.058823529411764705,0.08443897935369561,49.6624993301693,4.224342456608833,4.900585418304602
0.21921859695887003,3.0289028638649285,0.058823529411764705,0.08746435431530367,50.189938116322395,4.421062990144377,5.0518269233069475
0.2166050528329535,3.130824525900134,0.058823529411764705,0.09062386111396957,50.74819770947004,4.630472944838792,5.213426197387298
0.2138934004145317,3.2392327398187715,0.058823529411764705,0.09392669104935937,51.34001443664379,4.853792315216896,5.386416300511765
0.21107806383671776,3.354710372010137,0.058823529411764705,0.09738287762782032,51.968444901538696,5.092397643414467,5.571960672895458
0.208153070553228,3.477886948941904,0.058823529411764705,0.10100338794977075,52.636910896215284,5.347843782116013,5.771367200948853
0.20511201474918447,3.6094726697481554,0.058823529411764705,0.10480024394924368,53.349262005716426,5.621892117499817,5.986121355658281
0.20194803597011735,3.7502546186877987,0.058823529411764705,0.10878662632916535,54.109829913965484,5.916545555250937,6.217912528788348
0.19865379539517505,3.9011042462284498,0.058823529411764705,0.11297699844139997,54.92349718429044,6.234086455884005,6.46864717651538
0.19522144499673424,4.06299741702183,0.058823529411764705,0.11738726231188791,55.795787919753046,6.57712554994868,6.740515947005092
0.19164260853236295,4.237002664793988,0.058823529411764705,0.12203491546092646,56.73296341368319,6.948654527321446,7.035988537715671
0.18790837261250068,4.424311972663702,0.058823529411764705,0.12693921690695867,57.74213114598416,7.352115918107445,7.357907738529407
0.1840092860326033,4.6262337520651196,0.058823529411764705,0.13212137280131972,58.83137406299815,7.791476608055424,7.709494942656842
0.17993538010545077,4.844194144720087,0.058823529411764705,0.1376047280236828,60.00990209131504,8.27132235650465,8.094428174087055
0.1756762138966091,5.079788799238403,0.058823529411764705,0.14341494564504423,61.28817890832796,8.796961934952947,8.516878354094393
0.17122097090516045,5.334575047649469,0.058823529411764705,0.14958019347189222,62.67816276412938,9.37455449130649,8.98159575507034
0.16655860119798396,5.61033096684811,0.058823529411764705,0.1561312602516609,64.19341910507909,10.011246068398158,9.49388970291519
0.1616780411766979,5.90883463995812,0.058823529411764705,0.1631016498127811,65.84934102640773,10.71533415920259,10.05969061692481
0.1565685407015592,6.231680529017903,0.058823529411764705,0.17052754212681037,67.66330223127929,11.49642934962888,10.685526369323341
0.15122016126861107,6.580604629052612,0.058823529411764705,0.1784475125618383,69.65473499960419,12.365631569652802,11.378395247333343
0.14562439383878029,6.956650255466609,0.058823529411764705,0.18690209146160522,71.84515926113845,13.335690172320284,12.145598742757024
0.13977505519114683,7.360228168414291,0.058823529411764705,0.19593279450088824,74.25798591850135,14.42111315469284,12.994363839296325
0.13366938262250702,7.790887952967359,0.058823529411764705,0.20558070356505703,76.91808938380264,15.638200899136912,13.931281224460598
0.1273094176169209,8.246675945547622,0.058823529411764705,0.21588420646399878,79.85098083535043,17.00492660212065,14.961461252207046
0.12070358676220175,8.72382188645905,0.058823529411764705,0.22687585528660908,83.08146864622678,18.54057904673469,16.08733509330341
0.11386821535555387,9.215821674582456,0.058823529411764705,0.23857851928055396,86.63187581963113,20.26512241266713,17.30730169636729
0.10682888615818327,9.713738318889032,0.058823529411764705,0.251000613929682,90.5196596303501,22.198168187861963,18.61416239504874
0.09962108722680135,10.205789454208087,0.058823529411764705,0.2641312502978113,94.75482682415394,24.357526048769135,19.993752835081686
0.09228969182782407,10.67793845635622,0.058823529411764705,0.2779362963965299,99.33761939703771,26.75751428109958,21.42428319051574
0.08488713182895857,11.114913679828431,0.058823529411764705,0.2923560789820884,104.25688764183286,29.40709880204665,22.87657072971744
0.21049643021004388,2.779192868044028,0.058823529411764705,0.07291457489704359,52.10008896013378,3.8223773509352226,4.963393254741654
0.20785916784202718,2.865166775026659,0.058823529411764705,0.07539279238809513,52.704974895352976,3.9969725958401408,5.114379841325154
0.20513943344006294,2.9562804596339576,0.058823529411764705,0.07797149022099636,53.342759244564014,4.182349595694038,5.275198657723435
0.2023332474816938,3.0529558309889686,0.058823529411764705,0.08065705362237352,54.01615050059803,4.379491434563324,5.446772688331342
0.19943639600853083,3.15565144626116,0.058823529411764705,0.08345640683842316,54.7281419255912,4.589494624426022,5.630115436939889
0.19644440953823109,3.264877268952183,0.058823529411764705,0.08637708314691751,55.48206027659748,4.813589974932902,5.826366696194046
0.19335256129216796,3.3811993271946474,0.058823529411764705,0.0894272705546423,56.28159444024972,5.053160101944821,6.036805857892255
0.19015584690597398,3.505216379486411,0.058823529411764705,0.0926158963643254,57.13085638674788,5.3097596362378585,6.262844332110563
0.18684898202256892,3.6376198653920686,0.058823529411764705,0.09595269326865753,58.03442755590038,5.585149515060884,6.506106859093664
0.18342639701525756,3.779135198940185,0.058823529411764705,0.0994482827019786,58.99742090591915,5.881312750608601,6.7683671927150915
0.17988223620838903,3.9305724016900614,0.058823529411764705,0.1031142661535962,60.02555088505343,6.200505924594409,7.051652158157819
0.17621036925396272,4.092807169972008,0.058823529411764705,0.1069633148489032,61.1252054280287,6.545286986753175,7.358217186671151
0.17240440626363554,4.26678636824032,0.058823529411764705,0.11100927502645086,62.3035332234593,6.918567374429271,7.6905930364359785
0.16845773280651585,4.453525104295029,0.058823529411764705,0.1152672662880591,63.56853109912106,7.323662403654762,8.051592623032558
0.16436356374339964,4.654104764335977,0.058823529411764705,0.11975377892904841,64.92913682418651,7.764356292892549,8.444373884590263
0.1601150208934439,4.86965494275127,0.058823529411764705,0.12448676590578693,66.39532622890624,8.24496697978599,8.872408326154982
0.15570524131483968,5.101315009039037,0.058823529411764705,0.12948572282983273,67.97820946075943,8.770421590285284,9.33952124678245
0.15112755138534167,5.350238316413313,0.058823529411764705,0.13477169818614734,69.69009087323914,9.346334771702216,9.849872305710976
0.14637566431562732,5.617536536911436,0.058823529411764705,0.14036730529462405,71.54453935528537,9.979095819267553,10.407896944554626
0.14144397485242297,5.904020082482601,0.058823529411764705,0.14629660322270413,73.556385267553,10.675946119953528,11.01824922074922
0.13632793367667478,6.210308510747829,0.058823529411764705,0.15258487040021956,75.74164303296412,11.445048372560851,11.685666282024734
0.1310245148079132,6.536861133205579,0.058823529411764705,0.1592581957261776,78.11734822937737,12.295528164376838,12.414677942040267
0.12553276973633662,6.883167413702447,0.058823529411764705,0.16634287919877633,80.70125510915533,13.237487288655618,13.209388768558672
0.11985456167315396,7.2480822971609475,0.058823529411764705,0.17386436928286622,83.51125568596649,14.28192839798806,14.072903639317419
0.11399523823945518,7.629517028687513,0.058823529411764705,0.1818460787679831,86.56472394871622,15.440610310954838,15.006869585687337
0.10796440700538061,8.023662482320178,0.058823529411764705,0.19030763968004327,89.87750638310487,16.72575846685233,16.01065692836408
0.10177662230291828,8.425565430793641,0.058823529411764705,0.19926277345644253,93.46269306452454,18.14963568575652,17.080680814516857
0.09545178764111831,8.828572147215848,0.058823529411764705,0.20871703171935782,97.3293146888495,19.72394790647625,18.209661485732056
0.08901520912053387,9.224545307013514,0.058823529411764705,0.218665459070863,101.48101285836117,21.45910140665828,19.386081758395278
0.08249708266893419,9.604377685607117,0.058823529411764705,0.22909072247991016,105.91494186598334,23.36337480537111,20.59411098705252
0.07593136343312241,9.95790426274941,0.058823529411764705,0.23996191836055938,110.62138330972353,25.44205657466612,21.81391937047835
