shrinking_speed_steady_state,velocity_decay_timescale,equilibrium_density,P0_end_fit,lengthscale_density_end_fit,accumulation_end_fit,accumulation_timescale
0.39,1.0,0.12280701754385964,0.0,20.0,0.0,1.0
0.3804527540946619,0.6671576065520408,0.12280701754385964,0.0032601521521005545,29.728141928828865,0.09851530469712923,1.179236470346942
0.3705354097468154,0.6931143570769607,0.12280701754385964,0.0067480475874362525,30.49238687007692,0.20906023053546752,1.2434035146282725
0.3602147599522703,0.7219221901401022,0.12280701754385964,0.010490624986523825,31.33076805824987,0.33378610490003946,1.3160413827117146
0.34945324077290146,0.7540752057304763,0.12280701754385964,0.01451959160212405,32.25566275201,0.47537784778311276,1.3988612949368129
0.3382081275289677,0.7902111116885361,0.12280701754385964,0.0188725880590216,33.28241144520318,0.637227177503821,1.494049765189616
0.3264305358637436,0.8311473810835031,0.12280701754385964,0.023594722252936077,34.43025263323202,0.8236775353656176,1.6044223589131967
0.31406416467312587,0.8779498405539774,0.12280701754385964,0.028740630482564537,35.7236767226913,1.0403740846338205,1.73371306990232
0.3010437056554566,0.9320212697638264,0.12280701754385964,0.034377274433974876,37.194317591741324,1.294780518746849,1.8868848193505492
0.2872928060464366,0.9952603398346885,0.12280701754385964,0.04058782647885065,38.88376580300847,1.5969533878781172,2.0707518684761843
0.2727214420510511,1.0702716651635917,0.12280701754385964,0.047477166490450466,40.84777998447691,1.9607362461078002,2.2947758295108
0.25722251655052714,1.1607543964948694,0.12280701754385964,0.055179839746959496,43.16277232833791,2.405654458692564,2.5724716340148133
0.24066748611815048,1.2720551337025314,0.12280701754385964,0.06387184032229623,45.93600739191919,2.9600164812481844,2.923611754477455
0.22290083071678957,1.4121996061924555,0.12280701754385964,0.07378860314511314,49.322194481731245,3.6661489524360267,3.3778664871340114
0.20373364524266838,1.5935022652747404,0.12280701754385964,0.0852530810098287,53.55068347545294,4.589544323815551,3.9808813621149732
0.1829378788426615,1.8353997212464142,0.12280701754385964,0.0987207478342637,58.970495954365525,5.8352703923300915,4.804201525841972
0.16024724062113338,2.1687212231401585,0.12280701754385964,0.11485211247909784,66.1219498300981,7.577807955995639,5.960121307089082
0.13538390873490042,2.640001579797764,0.12280701754385964,0.13462280230267246,75.83437666121573,10.11358423778092,7.617305022099071
0.10816264298493732,3.3041076691881877,0.12280701754385964,0.15944016488264476,89.29313478379517,13.939263282278617,9.987607933949787
0.07876497134585562,4.1659742345414985,0.12280701754385964,0.19101609878373838,107.8565451334737,19.80094776160751,13.186078431576165
0.0481488519408413,5.038661626716145,0.12280701754385964,0.23029435622335678,132.29133033961128,28.490990422580783,16.86279793357234
0.20373364524266838,1.5935022652747404,0.12280701754385964,0.0852530810098287,53.55068347545294,4.589544323815551,3.9808813621149732
0.19971280081851953,1.6362386939395417,0.12280701754385964,0.08776875427425984,54.525364055675176,4.808570331936062,4.12502174031608
0.19562491968619392,1.6815622486189898,0.12280701754385964,0.09036836737572643,55.55063901100245,5.041373969114439,4.27857982037182
0.1914679149789608,1.7297184996170487,0.12280701754385964,0.09305671548201126,56.630370344119825,5.28916979369806,4.442369667644736
0.18723963590000997,1.7809024226451027,0.12280701754385964,0.09583897840017715,57.76878479083554,5.553302441336178,4.617249123278078
0.1829378788426615,1.8353997212464142,0.12280701754385964,0.0987207478342637,58.970495954365525,5.8352703923300915,4.804201525841972
0.1785603916202532,1.893498070060086,0.12280701754385964,0.10170807186841972,60.240547508313526,6.136732443793665,5.004263963433195
0.17410488841476596,1.9555132832527071,0.12280701754385964,0.10480749102299695,61.58444237562594,6.459540134573302,5.218591359518289
0.16956906382619397,2.021833756822518,0.12280701754385964,0.1080260844302454,63.008182275261774,6.805750540708893,5.448427825978082
0.1649506072783574,2.092758999454159,0.12280701754385964,0.11137152550999256,64.51831574774202,7.177656985302219,5.6951244082377075
0.16024724062113338,2.1687212231401585,0.12280701754385964,0.11485211247909784,66.1219498300981,7.577807955995639,5.960121307089082
0.15545674404622079,2.2501496893277424,0.12280701754385964,0.11847682839275027,67.82679538304238,8.009048902745093,6.244991570025555
0.15057700068386934,2.337552511451374,0.12280701754385964,0.12225538377375607,69.64118598775345,8.474540475398607,6.551378388039084
0.14560605209688102,2.4313116765125935,0.12280701754385964,0.12619825299598172,71.57408552543572,8.977795231818117,6.881021854754844
0.14054216270321332,2.5319470542112827,0.12280701754385964,0.13031670422841882,73.63508954984499,9.522707925603518,7.2357203855592855
0.13538390873490042,2.640001579797764,0.12280701754385964,0.13462280230267246,75.83437666121573,10.11358423778092,7.617305022099071
0.1301302702526706,2.7558307247741576,0.12280701754385964,0.13912939328606488,78.18267414573597,10.755167249451379,8.027600643996223
0.12478073675752135,2.8798876107751563,0.12280701754385964,0.14385007091058896,80.69118348461437,11.452652536891259,8.468340923414031
0.1193354798494287,3.0124990541764514,0.12280701754385964,0.14879899521406145,83.37136894694119,12.211692982805555,8.941114557890089
0.11379546586678231,3.153950691558227,0.12280701754385964,0.1539907767417123,86.23485405340324,13.038392475934963,9.447227660451706
0.10816264298493732,3.3041076691881877,0.12280701754385964,0.15944016488264476,89.29313478379517,13.939263282278617,9.987607933949787
0.10244012453001636,3.462805798810892,0.12280701754385964,0.16516163710206058,92.55726168232607,14.921158706214989,10.562590860670511
0.09663235164033906,3.6294931552398872,0.12280701754385964,0.17116890065833953,96.03749871430617,15.991174978841741,11.171804699619026
0.09074525565677197,3.803356550717534,0.12280701754385964,0.17747422531059845,99.74289940973733,17.15649478809791,11.81394893720656
0.08478638129705808,3.9827857964448277,0.12280701754385964,0.1840876533154527,103.68085572773394,18.42418663400242,12.48660401346765
0.07876497134585562,4.1659742345414985,0.12280701754385964,0.19101609878373838,107.8565451334737,19.80094776160751,13.186078431576165
0.07269190732516989,4.350499575940235,0.12280701754385964,0.19826235414726207,112.27276740705688,21.292820882475116,13.90732540132173
0.06657961453338486,4.533590899007707,0.12280701754385964,0.20582427158910835,116.9293525776081,22.90486306270391,14.643884726209023
0.06044182524383232,4.711664852709081,0.12280701754385964,0.21369408647751834,121.822795884709,24.640810007023788,15.388000512352413
0.05429319253179637,4.881247650974153,0.12280701754385964,0.22185767716542917,126.94660197444138,26.50277341071006,16.13083145916983
0.0481488519408413,5.038661626716145,0.12280701754385964,0.23029435622335678,132.29133033961128,28.490990422580783,16.86279793357234
0.39,1.0,0.12280701754385964,0.0,20.0,0.0,1.0
0.3792251700997881,0.6747422438604973,0.12280701754385964,0.0028579383914408845,29.820647362886753,0.0866250649479503,1.1836513528273602
0.368114853889042,0.7017257199989476,0.12280701754385964,0.005911456320919069,30.684949142317084,0.18427784747280607,1.2528446534089739
0.356639691157533,0.7316420404648558,0.12280701754385964,0.009183311164850378,31.63207130242579,0.2949512175596914,1.3312430574804857
0.3447666321870643,0.7649836274975647,0.12280701754385964,0.012700264064384396,32.67577347239836,0.4211343199086952,1.4207141517801356
0.3324582765844783,0.8024259408408888,0.12280701754385964,0.016494053666097682,33.83308096725995,0.5659738954917796,1.523643743934984
0.31967205258006276,0.8448020544184005,0.12280701754385964,0.020602685334275832,35.12534990111453,0.7335018960082152,1.6430940954580548
0.3063592009218514,0.8932095457199203,0.12280701754385964,0.025072135338373155,36.579643702101656,0.928959886916392,1.7831277040013218
0.29246347282268087,0.9490921455181112,0.12280701754385964,0.029958719673762773,38.23095715608749,1.1592782583212349,1.9491485980749614
0.27791950865331794,1.0143891446605482,0.12280701754385964,0.035332303862264366,40.125102072833705,1.4337903655633422,2.148503125432398
0.26265074772131686,1.0918024310576104,0.12280701754385964,0.041280894455373494,42.32328421621277,1.7653274165077142,2.3913796866880546
0.24656677722465403,1.1850866796057067,0.12280701754385964,0.04791724622344106,44.90893495658994,2.1719463220057937,2.6922084921628744
0.229560002254526,1.2997043428345676,0.12280701754385964,0.05538864136645865,47.998323259341774,2.679722724395013,3.071855381349879
0.21150164540009983,1.4437337432901176,0.12280701754385964,0.06389173055504213,51.7572642502507,3.327400945673541,3.561114801793975
0.1922375146691969,1.6295201653310927,0.12280701754385964,0.07369563932586258,56.427575535006504,4.174339933413607,4.2062509772151815
0.17158532611472158,1.876118959020582,0.12280701754385964,0.08517866824118366,62.3682042720544,5.31432449528534,5.077255154602995
0.14933928295989143,2.2128477713894577,0.12280701754385964,0.09888628487251132,70.1143225817712,6.899524349940194,6.27846103442405
0.1252977674176912,2.6816610616308085,0.12280701754385964,0.11561467180185642,80.44342292296848,9.179783371148698,7.954947609669687
0.09935113847847565,3.3266828429184465,0.12280701754385964,0.1364835529990856,94.38695503184321,12.55437582917584,10.266936764026108
0.07168217559569331,4.140541590479071,0.12280701754385964,0.16279862308311324,113.0273796699953,17.590280141604595,13.26369013191845
0.04302792781973995,4.955233364421969,0.12280701754385964,0.1952632655137729,136.91914926220588,24.864425551228614,16.621985154828426
0.1922375146691969,1.6295201653310927,0.12280701754385964,0.07369563932586258,56.427575535006504,4.174339933413607,4.2062509772151815
0.18822444385172332,1.6732020655988125,0.12280701754385964,0.07584332318509111,57.49991862570911,4.375061511198367,4.359613687198425
0.18415433780498502,1.7195049203420034,0.12280701754385964,0.07806134116666764,58.62610699616096,4.588294733941962,4.522596435692173
0.18002556698223535,1.7685889506748713,0.12280701754385964,0.08035365974476846,59.81001620844471,4.8151088598878165,4.695968131269485
0.17583646041922824,1.8207114377785598,0.12280701754385964,0.08272456455733561,61.055865059951465,5.056684799832032,4.880560245279341
0.17158532611472158,1.876118959020582,0.12280701754385964,0.08517866824118366,62.3682042720544,5.31432449528534,5.077255154602995
0.16727044837306893,1.9350829970593633,0.12280701754385964,0.08772095666878459,63.75197040204249,5.589466131795186,5.287015766911366
0.16289010290639208,1.9979475703173892,0.12280701754385964,0.09035681592336435,65.21249878736496,5.883704963756004,5.510883216092528
0.1584425748052225,2.0649496230380633,0.12280701754385964,0.09309205950593016,66.75554019478703,6.198797012660503,5.749951039277881
0.15392618147427403,2.1364622866891314,0.12280701754385964,0.09593295658706152,68.38726712116878,6.536687166568795,6.005391702653414
0.14933928295989143,2.2128477713894577,0.12280701754385964,0.09888628487251132,70.1143225817712,6.899524349940194,6.27846103442405
0.14468032174097956,2.294540344380443,0.12280701754385964,0.1019593463256801,71.9438016875551,7.289679374947827,6.570450060090983
0.13994785783804428,2.381837232031509,0.12280701754385964,0.10515999405691273,73.88325503546625,7.709766179475382,6.882714490286234
0.13514060834487146,2.475182289221226,0.12280701754385964,0.10849666390430962,75.94067926023638,8.162659641525257,7.216630303562061
0.13025750829662316,2.575030634514798,0.12280701754385964,0.11197836263659802,78.1244779333649,8.651516357766724,7.5735911762086054
0.1252977674176912,2.6816610616308085,0.12280701754385964,0.11561467180185642,80.44342292296848,9.179783371148698,7.954947609669687
0.12026093373947243,2.7954668188497926,0.12280701754385964,0.11941573026338649,82.9066094233278,9.75121946985263,8.362001298357681
0.11514701168630118,2.9167326493590466,0.12280701754385964,0.12339210865587381,85.52327300507666,10.369887458631187,8.795912100539246
0.10995651182177292,3.045736220848795,0.12280701754385964,0.12755477694845133,88.30277598007237,11.040158556717255,9.25765066839111
0.10469058816380322,3.1823999728453765,0.12280701754385964,0.13191488636111626,91.25435521594774,11.766686482953796,9.74788816916148
0.09935113847847565,3.3266828429184465,0.12280701754385964,0.1364835529990856,94.38695503184321,12.55437582917584,10.266936764026108
0.09394089579656327,3.478258163378647,0.12280701754385964,0.14127159920942486,97.70904335161157,13.408327530169124,10.814601544507676
0.08846357513785798,3.6366367843677248,0.12280701754385964,0.14628909081778563,101.2282422090718,14.333752222580975,11.39006907679669
0.082923914688551,3.8006872216677903,0.12280701754385964,0.15154500493393563,104.95113639972631,15.335876515585195,11.991820239807012
0.07732778225250006,3.9692206999456237,0.12280701754385964,0.15704652082417556,108.88299667535782,16.419786490549367,12.617465478229276
0.07168217559569331,4.140541590479071,0.12280701754385964,0.16279862308311324,113.0273796699953,17.590280141604595,13.26369013191845
0.06599520565322423,4.312705998379037,0.12280701754385964,0.16880337362643985,117.38600620162053,18.85167244064343,13.926217126914958
0.06027599526669999,4.483022856799581,0.12280701754385964,0.17505958732582158,121.95830844076444,20.207596689481903,14.59979428524172
0.054534549572413465,4.648861777179349,0.12280701754385964,0.18156202580762754,126.74159258779353,21.6607963883124,15.278289215331926
0.04878152133346759,4.807268788408193,0.12280701754385964,0.18830114643544354,131.73101293863928,23.21293422115102,15.954821014099714
0.04302792781973995,4.955233364421969,0.12280701754385964,0.1952632655137729,136.91914926220588,24.864425551228614,16.621985154828426
0.39,1.0,0.12280701754385964,0.0,20.0,0.0,1.0
0.37815270732123685,0.6825688780803431,0.12280701754385964,0.002506572813611054,29.90193847486899,0.0761784188278293,1.187783005195862
0.366008994360137,0.7108605164279364,0.12280701754385964,0.005183733300027903,30.854468884389206,0.16246946323899403,1.2616993059517594
0.3535427916302851,0.7422038698436842,0.12280701754385964,0.008051112033881699,31.897812893003486,0.2607215643644967,1.345533010491621
0.34072485378170625,0.7771181450818054,0.12280701754385964,0.011131777508272576,33.046976808330754,0.3732455073121417,1.4412995528828332
0.3275222017939594,0.8163069833338543,0.12280701754385964,0.01445307430107693,34.32054518119309,0.5029647022162302,1.5515689153171823
0.31389743550122295,0.8606505975825332,0.12280701754385964,0.018047723218374154,35.74177731810053,0.6536265583571196,1.679667525229783
0.29980787843985507,0.9112939835591558,0.12280701754385964,0.021955293952744176,37.34017613650878,0.8301061174088556,1.8299412525215735
0.28520450653227913,0.9697500185511166,0.12280701754385964,0.026224206650894935,39.153714622964166,1.0388468005713776,2.008196196688502
0.27003060153434094,1.0380557825166465,0.12280701754385964,0.030914496592948464,41.23204100031392,1.2885229205608222,2.222289220791759
0.2542200487811431,1.119023620636926,0.12280701754385964,0.03610172462163268,43.64123522878173,1.5910459712287643,2.483062965669302
0.23769521003883254,1.2165905653441542,0.12280701754385964,0.04188260346386803,46.47090770094865,1.963139056247568,2.805721480174296
0.2203643238040839,1.336435886557006,0.12280701754385964,0.04838330984012369,49.84498838512733,2.4288589951899935,3.2120219584699425
0.20211851458414068,1.4869107739481822,0.12280701754385964,0.055772088433992326,53.93831592635387,3.0237337387310137,3.7334940239166805
0.18282906869076018,1.6805734068797875,0.12280701754385964,0.0642786390938073,59.00148195734637,3.801679772665851,4.416406056743868
0.16234647192666532,1.9366177183264524,0.12280701754385964,0.07422500105816911,65.39780965465013,4.846672591118517,5.32833612107703
0.14050687163776562,2.283487752328138,0.12280701754385964,0.08607261513576618,73.64978848456578,6.292139486962326,6.565269257554349
0.11715835700421919,2.7598047682357616,0.12280701754385964,0.1004862546000173,84.47992651797472,8.350709324462668,8.251241976005732
0.09223396499704528,3.4017515837555896,0.12280701754385964,0.11837661914395585,98.78874156669626,11.349095704721375,10.506915488869982
0.06590139031548871,4.192695750358116,0.12280701754385964,0.14076468910966194,117.45957195029723,15.731149035269775,13.339925680667063
0.038739647341834584,4.976397646511945,0.12280701754385964,0.16818715299593526,140.9161132452691,21.93475543810505,16.454467130878577
0.18282906869076018,1.6805734068797875,0.12280701754385964,0.0642786390938073,59.00148195734637,3.801679772665851,4.416406056743868
0.1788331191805978,1.7260523134099266,0.12280701754385964,0.06614033551287836,60.15998834310706,3.9859132820648835,4.577847098003573
0.17478820659502448,1.7741609596704575,0.12280701754385964,0.06806232015842245,61.37488526090588,4.181536245624481,4.749021007050476
0.17069301858101474,1.8251321534186569,0.12280701754385964,0.07004796064603394,62.650012746159945,4.3894939227106935,4.930641964870073
0.16654622169558658,1.879191372329115,0.12280701754385964,0.07210088558918547,63.98950802378478,4.610826078424254,5.12347718566716
0.16234647192666532,1.9366177183264524,0.12280701754385964,0.07422500105816911,65.39780965465013,4.846672591118517,5.32833612107703
0.1580924227900687,1.9976123860135149,0.12280701754385964,0.07642451424205693,66.87967441371221,5.098289216458259,5.546104306585892
0.153782736094497,2.0624846726343624,0.12280701754385964,0.07870395743130033,68.44019079411592,5.36705368810855,5.777684708433408
0.14941608942744444,2.131532067440465,0.12280701754385964,0.08106822139426252,70.08480778614003,5.654481144166247,6.0240596995398885
0.1449912083281436,2.205069754110341,0.12280701754385964,0.08352255622860401,71.81929430963223,5.962234692942182,6.286237679522229
0.14050687163776562,2.283487752328138,0.12280701754385964,0.08607261513576618,73.64978848456578,6.292139486962326,6.565269257554349
0.13596194192729985,2.367025699625935,0.12280701754385964,0.08872446962386722,75.58276777173464,6.646193993347419,6.86224293935882
0.13135539747508548,2.4560832920846236,0.12280701754385964,0.09148461523757953,77.62503720321143,7.02658671390492,7.178251065055691
0.12668636699906086,2.5509952842095327,0.12280701754385964,0.09435998231658725,79.78370074731554,7.4357038465354455,7.514387076938554
0.12195416601999323,2.652179446760189,0.12280701754385964,0.09735793956700692,82.06614027428888,7.876141534691638,7.871724399804628
0.11715835700421919,2.7598047682357616,0.12280701754385964,0.1004862546000173,84.47992651797472,8.350709324462668,8.251241976005732
0.11229878957163988,2.8741939308415687,0.12280701754385964,0.10375307797333944,87.03279485833494,8.862446550949866,8.653871425938853
0.10737567635736318,2.995615409872975,0.12280701754385964,0.10716685527184536,89.73250905436979,9.41460028331737,9.080345124891554
0.10238965436858642,3.1240302198075,0.12280701754385964,0.11073623626724619,92.58677468881272,10.01063060379382,9.53121021338369
0.09734184789426477,3.259473528160135,0.12280701754385964,0.1144699575057966,95.60313324525438,10.654193224092396,10.006761417390123
0.09223396499704528,3.4017515837555896,0.12280701754385964,0.11837661914395585,98.78874156669626,11.349095704721375,10.506915488869982
0.08706835078215541,3.5505624159437557,0.12280701754385964,0.12246449258195953,102.15025902562718,12.099265765501542,11.031183360223018
0.08184806468063299,3.7050860684960947,0.12280701754385964,0.1267412441310638,105.69358746065217,12.908670542306279,11.57853262983716
0.0765769186735364,3.8644847963810025,0.12280701754385964,0.1312135610503865,109.42386687056482,13.78127497938639,12.14740036026851
0.07125954971708055,4.027540371078019,0.12280701754385964,0.13588682214303394,113.344962275008,14.720901665437644,12.735514517397375
0.06590139031548871,4.192695750358116,0.12280701754385964,0.14076468910966194,117.45957195029723,15.731149035269775,13.339925680667063
0.06050867090533448,4.358235853269584,0.12280701754385964,0.14584882254830997,121.76868827628243,16.815251086117037,13.956953310727322
0.05508833880916935,4.521753808084912,0.12280701754385964,0.15113833665950313,126.27189819583053,17.97595050117559,14.582206628372063
0.0496479706295595,4.680986262039334,0.12280701754385964,0.15662949096687448,130.96716380082185,19.215345486092108,15.210641794522358
0.04419562126634802,4.83339328699342,0.12280701754385964,0.16231570096095357,135.85043455789318,20.53479351796314,15.836723680095643
0.038739647341834584,4.976397646511945,0.12280701754385964,0.16818715299593526,140.9161132452691,21.93475543810505,16.454467130878577
0.39,1.0,0.12280701754385964,0.0,20.0,0.0,1.0
0.37400083165132625,0.7317488126130223,0.12280701754385964,0.0011465224031846405,30.220888984319476,0.03520948011310842,1.2070958681185104
0.35789493802787814,0.7709610872621937,0.12280701754385964,0.002380684524548368,31.52562151950313,0.07621020863750376,1.3036121312790727
0.34166971896723947,0.8146021021520437,0.12280701754385964,0.0037127710737031513,32.95944522602771,0.12416388419074141,1.4139784526267143
0.3253109541972491,0.8636164657654152,0.12280701754385964,0.005154857605916959,34.543494786709,0.18053393500773987,1.5410474299675014
0.30880253040386846,0.919050335097462,0.12280701754385964,0.0067212465589355655,36.30388456019094,0.24718430890168788,1.688418805165416
0.29212611726119897,0.9823434231430259,0.12280701754385964,0.008429014351580413,38.27288610073716,0.32652007217091716,1.8607459651356433
0.27526074930655287,1.0553152304143676,0.12280701754385964,0.010298808824255597,40.4915693738014,0.4216816777080632,2.063997063336499
0.2581823443517057,1.140440544117404,0.12280701754385964,0.012355832008119816,43.01196603648056,0.5368333509125057,2.306030403399014
0.24086309259208943,1.2410162137124778,0.12280701754385964,0.014631271826872043,45.901224428271156,0.677578637290987,2.5972035706470025
0.22327073290953328,1.3615532123439704,0.12280701754385964,0.017164278349723477,49.24682881686175,0.8515808397839376,2.951287221816048
0.20536771052774144,1.508359208625314,0.12280701754385964,0.02000480552472739,53.16381136475806,1.0694931497497664,3.3866363646734987
0.1871102741029968,1.6902535949309045,0.12280701754385964,0.023217770777542477,57.80427345553719,1.346375819765116,3.9276458088212034
0.16844769881931992,1.919705699399038,0.12280701754385964,0.026889227304300923,63.369128476283414,1.703835786566592,4.606374653200706
0.14932208295906238,2.214188390273076,0.12280701754385964,0.031135539994637827,70.12093661303786,2.1732797246131166,5.46385717184389
0.12966977584224057,2.5971604929648873,0.12280701754385964,0.036116416300197726,78.39388639601906,2.800649975077935,6.5499485093779
0.10942655448620352,3.0974656378206125,0.12280701754385964,0.04205099266455348,88.59375016425513,3.652877538027786,7.919401586181183
0.08854030417032029,3.7417299712884957,0.12280701754385964,0.04923007085902195,101.17786576408,4.825205290272321,9.619561990918807
0.06699594906146074,4.534106648040145,0.12280701754385964,0.05800443069228766,116.60571296734696,6.445420056392338,11.663253879241841
0.044853496203900535,5.42054618930204,0.12280701754385964,0.0687132590817051,135.25225541516676,8.665226050650887,13.984518911839094
0.022283732059618,6.262260082741551,0.12280701754385964,0.0815248906815741,157.28637116957134,11.624160259796875,16.39474477232738
0.14932208295906238,2.214188390273076,0.12280701754385964,0.031135539994637827,70.12093661303786,2.1732797246131166,5.46385717184389
0.14543585545139234,2.2828314552045454,0.12280701754385964,0.03206689908475681,71.64182811526473,2.2843280700498547,5.661052980661952
0.14152803751768295,2.355231687774657,0.12280701754385964,0.03302898017969894,73.22635899900916,2.402077262895818,5.8678202983115835
0.1375981012596902,2.431594401583389,0.12280701754385964,0.03402341422853499,74.87768131553369,2.5270225846147847,6.0845896415358665
0.13364552032307883,2.512147396159388,0.12280701754385964,0.03505194276830383,76.59906499315295,2.6596900413790534,6.3118019373845256
0.12966977584224057,2.5971604929648873,0.12280701754385964,0.036116416300197726,78.39388639601906,2.800649975077935,6.5499485093779
0.12567036188685798,2.6869204109719704,0.12280701754385964,0.03721879891111673,80.26560209374011,2.950510367613938,6.799425237466852
0.1216467872643003,2.78156435883013,0.12280701754385964,0.03836117683448944,82.21777185581394,3.109932603506154,7.0606986489291055
0.11759858177702417,2.8813890319657802,0.12280701754385964,0.03954576056748539,84.25404275226633,3.2796214872467657,7.334189477499056
0.11352530616848946,2.9866069993240156,0.12280701754385964,0.04077487979439005,86.37811159115188,3.4603347844952506,7.62030524858911
0.10942655448620352,3.0974656378206125,0.12280701754385964,0.04205099266455348,88.59375016425513,3.652877538027786,7.919401586181183
0.10530197085117877,3.2141390723919363,0.12280701754385964,0.04337666649640473,90.90472664093333,3.8581159801434226,8.231836052384548
0.10115125022473334,3.336866805682783,0.12280701754385964,0.04475458789237354,93.31485767155942,4.076967311673423,8.557881179615208
0.09697415651175029,3.4656495278267947,0.12280701754385964,0.046187538676316475,95.82792790668675,4.310404754842757,8.897769434240868
0.09277053033011254,3.6006025306921297,0.12280701754385964,0.047678388582767676,98.44769926067174,4.5594567192877875,9.251641790827518
0.08854030417032029,3.7417299712884957,0.12280701754385964,0.04923007085902195,101.17786576408,4.825205290272321,9.619561990918807
0.08428351471213193,3.888975172733363,0.12280701754385964,0.05084555934899942,104.02203505000708,5.108778083895278,10.001453518542696
0.08000031927961052,4.04214873751465,0.12280701754385964,0.05252784262673948,106.98363706314906,5.4113565917379205,10.39717816546176
0.07569100617290424,4.2010960456784385,0.12280701754385964,0.05427985562524288,110.06608434580019,5.734155003358848,10.806399000934793
0.07135601440100704,4.365235523985116,0.12280701754385964,0.05610447825218081,113.272468596238,6.078420514012498,11.228644082835826
0.06699594906146074,4.534106648040145,0.12280701754385964,0.05800443069228766,116.60571296734696,6.445420056392338,11.663253879241841
0.06261158846004784,4.707049008041622,0.12280701754385964,0.059982296489954144,120.06829072571995,6.836431976888388,12.10939672052997
0.05820390191885344,4.883211503959729,0.12280701754385964,0.06204035095227451,123.66250322650706,7.2527043214568,12.565968436505772
0.05377404422772076,5.061619278317538,0.12280701754385964,0.06418058523931018,127.39029684663736,7.695483821546386,13.031706193386524
0.049323387769072566,5.241175722580285,0.12280701754385964,0.06640450582792977,131.25326078953077,8.165953605519315,13.505148259275423
0.044853496203900535,5.42054618930204,0.12280701754385964,0.0687132590817051,135.25225541516676,8.665226050650887,13.984518911839094
0.04036614461560835,5.598336798068272,0.12280701754385964,0.07110734539821778,139.3877962533636,9.19431269199292,14.467839075028916
0.035863283158538414,5.7730229840953875,0.12280701754385964,0.07358669748590477,143.65991548691287,9.754105933885704,14.952979330186821
0.03134704695430838,5.942999715561326,0.12280701754385964,0.07615053383658468,148.06800669804406,10.345337245894251,15.437536624345888
0.026819724198844225,6.106633448462939,0.12280701754385964,0.07879739966261841,152.6106246598283,10.968572327550413,15.919018362855946
0.022283732059618,6.262260082741551,0.12280701754385964,0.0815248906815741,157.28637116957134,11.624160259796875,16.39474477232738
0.39,1.0,0.12280701754385964,0.0,20.0,0.0,1.0
0.3731935188306954,0.67702583638227,0.12280701754385964,0.0008821058872633296,30.28370317569357,0.027144607788037026,1.211504966702557
0.35630513654495954,0.7142368584276038,0.12280701754385964,0.0018316563956846154,31.66056625223778,0.058881410029564374,1.313495389043567
0.33932633271179546,0.7557939647517368,0.12280701754385964,0.002856975200148702,33.17739153303872,0.09616512592889442,1.4306533140271107
0.322247435593119,0.80272996801016,0.12280701754385964,0.0039678933987963684,34.85719281690347,0.14020492097799991,1.5661428438762333
0.305057410161985,0.8561354859123896,0.12280701754385964,0.005176119313174002,36.728306720027504,0.19254929232706314,1.72397157763077
0.2877435967651655,0.9175409905539638,0.12280701754385964,0.006495724870161541,38.82597514837391,0.2552050755599243,1.9092690607747391
0.27029138770534794,0.9889335156833877,0.12280701754385964,0.007943794411757823,41.1944869675117,0.33080649984618005,2.1286520477380697
0.2526838271222144,1.07298758797701,0.12280701754385964,0.009541302751861134,43.89007050147907,0.422859227191902,2.3907437113505985
0.23490111782129638,1.1733972475069576,0.12280701754385964,0.011314325737721707,46.9848287136265,0.5360958316388185,2.7068340332390872
0.21692002297836652,1.2952717530238218,0.12280701754385964,0.013295739026127589,50.571999540199506,0.6770008473607283,3.0917472094860186
0.19871316454516874,1.4458245446642068,0.12280701754385964,0.015527649738300085,54.77282423575307,0.8545932373889148,3.56491778766747
0.18024825933208977,1.6354066997891967,0.12280701754385964,0.018064940895794607,59.74506357932686,1.0815967850615038,4.151575435967257
0.16148742983343678,1.878784929020806,0.12280701754385964,0.02098048410524681,65.69248251638587,1.3761877836292504,4.883838201515916
0.1423869318816554,2.1968342059312422,0.12280701754385964,0.02437270819178678,72.87325343500538,1.7645741794997065,5.8011040548333845
0.12289806286326115,2.6176173899186663,0.12280701754385964,0.028375896393384507,81.603111349736,2.284634728714202,6.948629987303217
0.10297073885210593,3.1746472961514054,0.12280701754385964,0.03317188794226671,92.24779412416372,2.990675704721394,8.372319407964751
0.08256227682917153,3.8972829908312208,0.12280701754385964,0.03899703838230223,105.20000424583525,3.9584939703201454,10.106532142835398
0.06165442487103256,4.787171009171133,0.12280701754385964,0.04612975732542222,120.83911391923658,5.2877898547150926,12.150855715652964
0.04027924322851255,5.783901267008042,0.12280701754385964,0.054835628864771016,139.46911015591482,7.095323177977653,14.436085296078383
0.018544644802246636,6.744627887987591,0.12280701754385964,0.06525439525591953,161.2340717891094,9.489524366140854,16.793218790578173
0.1423869318816554,2.1968342059312422,0.12280701754385964,0.02437270819178678,72.87325343500538,1.7645741794997065,5.8011040548333845
0.13852184688693914,2.271738588732736,0.12280701754385964,0.02511940536827383,74.48421679378633,1.8565841496436144,6.010675162185585
0.13464082586710774,2.350988505190357,0.12280701754385964,0.02589166924725456,76.15977533030161,1.9541805734198066,6.229833745905334
0.13074346010535848,2.4349119241590613,0.12280701754385964,0.026690860441231964,77.90280067770695,2.0577632642007706,6.458963613633937
0.12682933994590015,2.5236821898472117,0.12280701754385964,0.027518426926917406,79.71625404587579,2.1677592344673604,6.69841541884472
0.12289806286326115,2.6176173899186663,0.12280701754385964,0.028375896393384507,81.603111349736,2.284634728714202,6.948629987303217
0.11894922726147972,2.717001460525851,0.12280701754385964,0.02926489649586425,83.56647118638362,2.4088759121992185,7.209881340664732
0.11498244267892126,2.8221302725732316,0.12280701754385964,0.030187143882444353,85.60946025519293,2.541017620722762,7.48257915916076
0.11099733440693706,2.933331854879201,0.12280701754385964,0.03114444340092338,87.7352184105987,2.6816244095255697,7.767039802800005
0.10699354350863141,3.0507274555286052,0.12280701754385964,0.03213869713802912,89.94694259597125,2.831294831988083,8.063517780509285
0.10297073885210593,3.1746472961514054,0.12280701754385964,0.03317188794226671,92.24779412416372,2.990675704721394,8.372319407964751
0.09892861386390184,3.305251186177057,0.12280701754385964,0.03424609430992973,94.64099345568722,3.160448981139327,8.693661288286696
0.09486690201443605,3.442718614625043,0.12280701754385964,0.03536346536016508,97.12970377673392,3.3413326946845974,9.027665136420334
0.09078537918660254,3.5871753045868977,0.12280701754385964,0.03652622205576672,99.71707097182018,3.5340937644095276,9.374477020614046
0.08668387364813546,3.7387687507460043,0.12280701754385964,0.037736640592724066,102.40618554522811,3.7395339603671403,9.734114961643192
0.08256227682917153,3.8972829908312208,0.12280701754385964,0.03899703838230223,105.20000424583525,3.9584939703201454,10.106532142835398
0.07842054014683209,4.062671052963574,0.12280701754385964,0.040309757925216246,108.10160095020885,4.191850846596951,10.491567094847664
0.07425870797405153,4.234775484754578,0.12280701754385964,0.04167712415350137,111.11370368019693,4.440512735976937,10.888978438110064
0.07007690954581992,4.413215340992028,0.12280701754385964,0.043101424570296434,114.2390441210379,4.705415239137373,11.298358273216907
0.0658753690202083,4.597540772483421,0.12280701754385964,0.044584927841616155,117.48005858953904,4.987517778166003,11.719212690926222
0.06165442487103256,4.787171009171133,0.12280701754385964,0.04612975732542222,120.83911391923658,5.2877898547150926,12.150855715652964
0.05741453435935627,4.9813565177174475,0.12280701754385964,0.04773790918162345,124.31826766762404,5.607210028507623,12.592495437027972
0.053156283498753815,5.179230982523884,0.12280701754385964,0.04941116199810263,127.91943291964438,5.946742401363329,13.043091164555511
0.04888038975060451,5.379749191853876,0.12280701754385964,0.051151061004950295,131.6442693451457,6.307335504837952,13.50148103729625
0.04458771112810197,5.581744521538065,0.12280701754385964,0.05295890917799132,135.4938277112097,6.689908747217163,13.96632144745998
0.04027924322851255,5.783901267008042,0.12280701754385964,0.054835628864771016,139.46911015591482,7.095323177977653,14.436085296078383
0.03595613031519472,5.984826428803236,0.12280701754385964,0.056781739031723406,143.57059487661994,7.52437986172498,14.909065682897062
0.031619643239766605,6.18296038359513,0.12280701754385964,0.05879734725946297,147.7984634584785,7.977781786547098,15.383355602119593
0.027271196140970504,6.376724438116811,0.12280701754385964,0.06088203042106622,152.1523466467043,8.456143961404875,15.85696251051879
0.022912325174512502,6.564503430340139,0.12280701754385964,0.06303489665473559,156.63103168993644,8.959941858444079,16.327647619594316
0.018544644802246636,6.744627887987591,0.12280701754385964,0.06525439525591953,161.2340717891094,9.489524366140854,16.793218790578173
0.39,1.0,0.12280701754385964,0.0,20.0,0.0,1.0
0.37232321444300215,0.687394472705872,0.12280701754385964,0.0005970723570453985,30.351712690570018,0.018413950574522723,1.2170177433701925
0.3546017371631906,0.7284241779473625,0.12280701754385964,0.0012434647264157306,31.806444478012107,0.04015410150092019,1.3257991131973286
0.33683018772297396,0.7749619738187302,0.12280701754385964,0.0019455676698154243,33.412737949597606,0.06594412677372054,1.4513037782776506
0.319002378586453,0.8279468947928097,0.12280701754385964,0.0027109577551688267,35.19573553816561,0.09670634850939425,1.5970690854925678
0.3011111568180688,0.8888108948165485,0.12280701754385964,0.00354869171113168,37.18638911413868,0.13362931978443637,1.7675724739577325
0.28314820746821473,0.9594758132332842,0.12280701754385964,0.004469693636854326,39.423164965150136,0.1782625704000238,1.9685419573873655
0.26510380855889903,1.0425161615547425,0.12280701754385964,0.005487271589673895,41.95432093658878,0.23265156022175743,2.207333011722723
0.24696652561232166,1.1414701737084598,0.12280701754385964,0.006617817441101587,44.84094939583142,0.29953217748722716,2.4934873632359342
0.2287228327720393,1.261152934149036,0.12280701754385964,0.00788177088734253,48.16099933165162,0.3826133709520014,2.8393815325326104
0.2103566497453866,1.4083099662047402,0.12280701754385964,0.009304971689714246,52.01447388330647,0.4869927153236618,3.2610594422268426
0.19184879406924854,1.5924586021833453,0.12280701754385964,0.01092059120883701,56.52983994812452,0.6197692184149503,3.7791439134704348
0.1731763769900055,1.8270737182228962,0.12280701754385964,0.01277193059934595,61.8712365181078,0.7909487300756397,4.419687851798823
0.15431223835377966,2.1309975447190497,0.12280701754385964,0.01491648120526705,68.24515996483862,1.0147694336489967,5.214626343955133
0.13522465835776296,2.5298745647875087,0.12280701754385964,0.017431653437887263,75.90392675483388,1.3116016392792296,6.2011577461996295
0.11587786203767579,3.055738266429724,0.12280701754385964,0.020422157430229192,85.14200989323889,1.710540265729634,7.4190816111675515
0.09623428694619306,3.7424987140178647,0.12280701754385964,0.024027528489623085,96.28236361754155,2.252623720406231,8.904610148907635
0.07626017890179985,4.612468351437331,0.12280701754385964,0.028425016264755916,109.65299384222176,2.9939712236015295,10.67843932177449
0.05593631975973837,5.652769861260893,0.12280701754385964,0.03381824571499031,125.55622908408658,4.0068788314198915,12.727074651914156
0.035274189703926706,6.788328036054128,0.12280701754385964,0.04039870701024225,144.22798267868345,5.374686794975994,14.977748502158468
0.014332648207680248,7.873627413400722,0.12280701754385964,0.04827254380601138,165.7815791854765,7.175225633015072,17.278887368472816
0.13522465835776296,2.5298745647875087,0.12280701754385964,0.017431653437887263,75.90392675483388,1.3116016392792296,6.2011577461996295
0.13137723553863306,2.623764073196956,0.12280701754385964,0.017987806110577775,77.61515534886205,1.3821015538968078,6.424967949267413
0.1275191496497147,2.7230611174167025,0.12280701754385964,0.018563850336091755,79.39198274661868,1.456930959397876,6.658360602857865
0.12365009623094116,2.827938717105399,0.12280701754385964,0.019160837259873244,81.23698298082736,1.5363921835255274,6.90162750892766
0.11976976811366097,2.9387443815165644,0.12280701754385964,0.019779882854841835,83.15279204697177,1.6208144722195108,7.1551297541373176
0.11587786203767579,3.055738266429724,0.12280701754385964,0.020422157430229192,85.14200989323889,1.710540265729634,7.4190816111675515
0.11197407487590305,3.1792012805734187,0.12280701754385964,0.021088900190752918,87.20730019156177,1.8059441242207817,7.693801634819487
0.10805810906127833,3.3093825660986553,0.12280701754385964,0.02178141248368192,89.3513179482134,1.9074200965178612,7.979514142575177
0.10412967314371659,3.4465855829373884,0.12280701754385964,0.0225010615145874,91.57674441798751,2.0153890476989162,8.276433228925347
0.10018848785089207,3.590881432742426,0.12280701754385964,0.023249271839603843,93.88621606615843,2.130298843176948,8.58475048276787
0.09623428694619306,3.7424987140178647,0.12280701754385964,0.024027528489623085,96.28236361754155,2.252623720406231,8.904610148907635
0.0922668200305296,3.901557397504242,0.12280701754385964,0.024837375456710848,98.76781773811125,2.3828650399237343,9.236109411563033
0.08828586164321615,4.068114092936346,0.12280701754385964,0.02568039777393783,101.3451118668369,2.5215494004298926,9.579267908380745
0.08429120883601866,4.242184466618121,0.12280701754385964,0.026558231867354825,104.01679446471069,2.669236767697242,9.934119472320942
0.08028269410377582,4.423690670563558,0.12280701754385964,0.02747254129514668,106.78523959828445,2.8265086665637553,10.30056575678159
0.07626017890179985,4.612468351437331,0.12280701754385964,0.028425016264755916,109.65299384222176,2.9939712236015295,10.67843932177449
0.07222357894489975,4.808265698875105,0.12280701754385964,0.029417336207478592,112.62221437949904,3.172255785963537,11.067491980975852
0.06817284930307636,5.010723531367414,0.12280701754385964,0.030451183739647003,115.69520131999852,3.362013559065,11.467378472807134
0.06410800079050726,5.219375844296641,0.12280701754385964,0.03152823521742226,118.87393199396224,3.563914550640424,11.877687568900539
0.06002911112948817,5.433628095362694,0.12280701754385964,0.03265007720003,122.16033924936262,3.7786393404144527,12.297805411393671
0.05593631975973837,5.652769861260893,0.12280701754385964,0.03381824571499031,125.55622908408658,4.0068788314198915,12.727074651914156
0.05182984290488585,5.8759641345208795,0.12280701754385964,0.035034165844014205,129.0631789004734,4.249324116212717,13.164675913393499
0.047709969812828296,6.102254780141528,0.12280701754385964,0.036299117601576655,132.68290178432983,4.50666605090549,13.609698636475997
0.04357707986423945,6.330571700101067,0.12280701754385964,0.03761427030459089,136.4162698451551,4.779577858015346,14.061057180401567
0.03943163599454954,6.5596893133224725,0.12280701754385964,0.0389805579195733,140.26437943650447,5.06871097195276,14.517520001298735
0.035274189703926706,6.788328036054128,0.12280701754385964,0.04039870701024225,144.22798267868345,5.374686794975994,14.977748502158468
0.03110539167139,7.015093331675902,0.12280701754385964,0.041869157331520745,148.30743891022257,5.698081036721345,15.440242019295185
0.02692597220379509,7.238535808321907,0.12280701754385964,0.04339209345960311,152.50296411997667,6.039418972648105,15.903406931626126
0.022736758831723266,7.457136167342411,0.12280701754385964,0.044967398980450185,156.81394825470682,6.3991499592925605,16.365458123689347
0.018538655927976277,7.669329666293629,0.12280701754385964,0.04659449652810868,161.24052692530256,6.777656945341847,16.824594250963933
0.014332648207680248,7.873627413400722,0.12280701754385964,0.04827254380601138,165.7815791854765,7.175225633015072,17.278887368472816
0.39,1.0,0.12280701754385964,0.0,20.0,0.0,1.0
0.3717337236393556,0.6969925582946079,0.12280701754385964,0.00040401667071780095,30.397952963957344,0.012478682401776433,1.221197236777179
0.353443763810098,0.7418077189413725,0.12280701754385964,0.0008436511042966764,31.906384166473618,0.027327420844179225,1.3352335783290026
0.3351269052594942,0.7929824099779078,0.12280701754385964,0.001323760569288951,33.57525519319956,0.04508287112425845,1.4673199620484445
0.31677939845040565,0.851606374992298,0.12280701754385964,0.0018501345632958987,35.4314566962393,0.06643356668431245,1.621341886388485
0.29839684604313477,0.9196528146927303,0.12280701754385964,0.002429730818250566,37.508107325645476,0.09227256252110493,1.8022073922563655
0.27997406008234793,0.99947351431194,0.12280701754385964,0.0030709867393295762,39.846362745565706,0.12377191982381125,2.016204544557151
0.26150488156833224,1.0942751380941704,0.12280701754385964,0.003784236103159811,42.497820669147046,0.16248863539766287,2.271397432101002
0.24298195236996292,1.208619583120828,0.12280701754385964,0.0045822742952445475,45.52767448881824,0.21051818894405663,2.578211935343198
0.22439642772500903,1.348622966086285,0.12280701754385964,0.00548113864830037,49.01881930311446,0.2707175973937849,2.9501026626965716
0.20573761853564485,1.5229851287383902,0.12280701754385964,0.006501203265745237,53.07696500210569,0.3470327865726858,3.40434238753115
0.1869925568649278,1.7438924010519967,0.12280701754385964,0.007668745182319062,57.83667662905749,0.44498034801077135,3.962829626383764
0.16814550726038305,2.0284008741309387,0.12280701754385964,0.0090181799542123,63.46703895408509,0.572352723595467,4.652635792866114
0.1491774563824756,2.399842977756178,0.12280701754385964,0.0105953268434171,70.17657652475653,0.7402427306577893,5.50602071005336
0.13006577379707795,2.8884374371846278,0.12280701754385964,0.012461842852059448,78.21221242587166,0.964483822294647,6.559032743585638
0.11078435144591173,3.529593350623556,0.12280701754385964,0.014700742641827193,87.85092971698698,1.2675768980340778,7.8480065953252796
0.09130487031306585,4.356164077988732,0.12280701754385964,0.01742160885331158,99.3828729401409,1.681002786402453,9.402846648336764
0.07160023246968641,5.383211914366969,0.12280701754385964,0.020761836168353053,113.08895953018313,2.2473823241521518,11.23574088221787
0.051651325407354357,6.5853119140651675,0.12280701754385964,0.024877518494061432,129.2178922019673,3.021082310436042,13.325145846807954
0.03145750628991877,7.87643848630846,0.12280701754385964,0.029915794072048033,147.9588155158462,4.064507157629538,15.596522717946765
0.011048205763035465,9.10855879119572,0.12280701754385964,0.03596438387264726,169.40104424233598,5.436754199166091,17.908296718627867
0.13006577379707795,2.8884374371846278,0.12280701754385964,0.012461842852059448,78.21221242587166,0.964483822294647,6.559032743585638
0.12622395668753203,3.0032915305645767,0.12280701754385964,0.012876734235673419,80.00247684224375,1.0179316534505722,6.796838628468522
0.12237513431634572,3.1246017622952142,0.12280701754385964,0.013307217932548701,81.8591373334359,1.074723034242806,7.044381326641863
0.11851907872207537,3.252541210770667,0.12280701754385964,0.013754124819120101,83.78455817813564,1.1350912082366214,7.301914855321808
0.1146555614649243,3.387451396580742,0.12280701754385964,0.014218326075033878,85.78104099406445,1.1992871250389745,7.569716090283946
0.11078435144591173,3.529593350623556,0.12280701754385964,0.014700742641827193,87.85092971698698,1.2675768980340778,7.8480065953252796
0.10690521648942125,3.6792023123363564,0.12280701754385964,0.015202345075975897,89.99658086146219,1.3402431619510606,8.136973639771577
0.10301792520238715,3.8364922895219333,0.12280701754385964,0.0157241516447912,92.22034585307864,1.4175864540226017,8.436805940452322
0.09912225191966109,4.001668908389783,0.12280701754385964,0.01626721822875894,94.5244601493716,1.4999315875033823,8.747666735233889
0.09521797234577487,4.174857723702705,0.12280701754385964,0.01683265462547064,96.911228136276,1.5876162719876603,9.069652692390827
0.09130487031306585,4.356164077988732,0.12280701754385964,0.01742160885331158,99.3828729401409,1.681002786402453,9.402846648336764
0.08738273837586724,4.545609201906062,0.12280701754385964,0.018035269005408045,101.94158369238663,1.7804631916971565,9.747257873312316
0.08345137959720543,4.743185706161845,0.12280701754385964,0.01867486158263043,104.58953130782425,1.8864079661884885,10.102892561195656
0.07951061445214479,4.948770580179246,0.12280701754385964,0.019341637721583024,107.32870767296019,1.9992438211249446,10.469611307265401
0.07556027872570814,5.162212816285553,0.12280701754385964,0.020036867660543963,110.16123164302078,2.119421110755843,10.847324986865084
0.07160023246968641,5.383211914366969,0.12280701754385964,0.020761836168353053,113.08895953018313,2.2473823241521518,11.23574088221787
0.06763035583339562,5.611417863919195,0.12280701754385964,0.02151783925926925,116.11388531678791,2.3836108193181227,11.634603644225187
0.06365056210733984,5.84636074067042,0.12280701754385964,0.022306169195354813,119.23761745167265,2.528590320429144,12.043505781642633
0.05966079683017536,6.0874706076932,0.12280701754385964,0.0231280835385066,122.46186547418021,2.682821283888546,12.461970843687078
0.05566104388054285,6.334051222330279,0.12280701754385964,0.023984805873254304,125.78813875110383,2.8468132181232813,12.889411398060172
0.051651325407354357,6.5853119140651675,0.12280701754385964,0.024877518494061432,129.2178922019673,3.021082310436042,13.325145846807954
0.047631711776209305,6.840347083145806,0.12280701754385964,0.025807300508633994,132.75262679184993,3.206146723976728,13.768381673695059
0.04360232271775975,7.098136082140737,0.12280701754385964,0.026775192082300354,136.3931502065319,3.4025218488443163,14.218211918476324
0.03956333095290377,7.357577610754625,0.12280701754385964,0.027782082434236497,140.14052132520266,3.6107150413650824,14.67362101223732
0.03551496363562399,7.617438608591317,0.12280701754385964,0.028828743943405646,143.99554161371955,3.8312187893625147,15.133465362633507
0.03145750628991877,7.87643848630846,0.12280701754385964,0.029915794072048033,147.9588155158462,4.064507157629538,15.596522717946765
0.027391311868811982,8.13318749228961,0.12280701754385964,0.031043643475776282,152.03058475800924,4.311020122995117,16.0613900946167
0.02331678784129758,8.386243161216646,0.12280701754385964,0.03221256185402052,156.21063612856375,4.5711631451425365,16.52658412100623
0.019234398553774113,8.634157251876884,0.12280701754385964,0.033422519380471145,160.49952223926297,4.845303488266767,16.990587528421297
0.015144675461456612,8.875427239031568,0.12280701754385964,0.03467329504051654,164.8965561436522,5.13375072200645,17.451735370931523
0.011048205763035465,9.10855879119572,0.12280701754385964,0.03596438387264726,169.40104424233598,5.436754199166091,17.908296718627867
0.39,1.0,0.12280701754385964,0.0,20.0,0.0,1.0
0.3706175250539825,0.7740185813947962,0.12280701754385964,3.848493677354899e-05,30.484690968861752,0.0011921481368533503,1.232378582497462
0.35123467618207443,0.8078242293320245,0.12280701754385964,8.1009711608216e-05,32.098499716865234,0.0026395404309608322,1.358673708000965
0.3318513820868836,0.8767065858477249,0.12280701754385964,0.00012823103649521058,33.89226823108103,0.004407686658473104,1.507123087292933
0.3124675551708292,0.9551904856127874,0.12280701754385964,0.0001809546811409435,35.897759508064134,0.006581775733765532,1.682958600354173
0.29308308678995426,1.0489643837718172,0.12280701754385964,0.00024017857877891012,38.15418272115517,0.00927574990263966,1.892288037820059
0.27369784085529153,1.1675160274963219,0.12280701754385964,0.00030715142479728635,40.710084746229874,0.01264332688122731,2.1434139107481176
0.2543116450320039,1.3121697380018467,0.12280701754385964,0.000383454988290814,43.62647731461255,0.016894760692055113,2.4471778500814416
0.23492427853087158,1.493245195880805,0.12280701754385964,0.0004711196947333285,46.9805075228924,0.022321946313956707,2.8176958304511905
0.21553545500531066,1.7258062278809285,0.12280701754385964,0.0005727900907205599,50.8699529976635,0.02933596307071871,3.2732602139027795
0.19614479845469016,2.0277721677379414,0.12280701754385964,0.0006919652055128412,55.418273357943946,0.03852425646600268,3.8374183713731127
0.1767518090299703,2.4258753645215765,0.12280701754385964,0.0008333556801223228,60.77979854628535,0.050737399329617974,4.53980993069454
0.15735581523444592,2.9563531557558114,0.12280701754385964,0.0010034101310623866,67.14206168488232,0.06722091769605446,5.416583873347027
0.13795590679874578,3.665863652564365,0.12280701754385964,0.0012111055172140883,74.72487702952641,0.08981491144472187,6.51005109192109
0.11855084658082803,4.609909743584962,0.12280701754385964,0.0014690467377462,83.76780189975841,0.12124643446542724,7.8662325528587616
0.09913895630692128,5.846439345676327,0.12280701754385964,0.0017949649653982093,94.51438328842453,0.16554907291987012,9.531105016413473
0.07971800071815642,7.422905587419333,0.12280701754385964,0.0022132955248732934,107.18242660367193,0.22861031504466314,11.542543009087185
0.06028509331329212,9.358700123904573,0.12280701754385964,0.0027565823237020344,121.95122007096367,0.3188194430923116,13.921244065935484
0.040836728653338594,11.626276237537484,0.12280701754385964,0.003465546010892625,138.94822090443373,0.4476242159525095,16.65703331648732
0.021369077405478262,14.136884445116063,0.12280701754385964,0.00438641930353079,158.2424490836444,0.6296037952008695,19.6931122391272
0.0018786969279573043,16.73538898738458,0.12280701754385964,0.005563775014985558,179.83691874684393,0.8814266191187523,22.912567172904396
0.11855084658082803,4.609909743584962,0.12280701754385964,0.0014690467377462,83.76780189975841,0.12124643446542724,7.8662325528587616
0.11466907741989754,4.832064369355224,0.12280701754385964,0.0015281208791179989,85.77368650998724,0.12891984400820858,8.173200041537974
0.1107870212737859,5.066373656176428,0.12280701754385964,0.0015900594199023416,87.8493019644131,0.1371417885989529,8.492805251844008
0.10690466096265337,5.313264978777279,0.12280701754385964,0.0016550495344550618,89.99689757164971,0.1459557425325697,8.825453063985972
0.10302197894127345,5.573173299727515,0.12280701754385964,0.0017232820884686185,92.21798101305383,0.15540821644573688,9.171465799386828
0.09913895630692128,5.846439345676327,0.12280701754385964,0.0017949649653982093,94.51438328842453,0.16554907291987012,9.531105016413473
0.0952555731827863,6.1333722653236835,0.12280701754385964,0.00187031797731108,96.8877914800789,0.17643232141698442,9.904674406217282
0.09137180890772098,6.434302062919816,0.12280701754385964,0.0019495703996545838,99.33957003307336,0.18811572701749932,10.292404891483624
0.08748764061509438,6.749421705788422,0.12280701754385964,0.002032980008321863,101.87199170312908,0.2006614355566623,10.694519380764266
0.08360304600429007,7.078919530028989,0.12280701754385964,0.0021207961929067256,104.48578821547112,0.21413583498472943,11.111172531805872
0.07971800071815642,7.422905587419333,0.12280701754385964,0.0022132955248732934,107.18242660367193,0.22861031504466314,11.542543009087185
0.07583247953839027,7.781413538132555,0.12280701754385964,0.002310764298747933,109.96322689295378,0.24416060985885868,11.98868304672439
0.07194645601670444,8.154408125332244,0.12280701754385964,0.002413506017371698,112.8294410658207,0.26086788275105843,12.449659844866344
0.06805990280078349,8.541774028292664,0.12280701754385964,0.0025218351755255317,115.78224208892426,0.278818367011911,12.925476227434155
0.06417279153857439,8.94329485377924,0.12280701754385964,0.0026360818474727046,118.82255758479279,0.29810321031759335,13.416037264154227
0.06028509331329212,9.358700123904573,0.12280701754385964,0.0027565823237020344,121.95122007096367,0.3188194430923116,13.921244065935484
0.05639677788479715,9.787556912708117,0.12280701754385964,0.0028836923220425612,125.16925576812595,0.34106886804173253,14.440863856717273
0.05250781493587566,10.229406613354234,0.12280701754385964,0.0030177701506168336,128.47726539033235,0.36495908586447795,14.974660814788665
0.04861817327823962,10.683570056895059,0.12280701754385964,0.0031591855776550997,131.87619318786548,0.39060253493639635,15.522256335374285
0.04472782156620673,11.149482242452926,0.12280701754385964,0.003308318544090048,135.36636286349088,0.4181167808330685,16.0832146464848
0.040836728653338594,11.626276237537484,0.12280701754385964,0.003465546010892625,138.94822090443373,0.4476242159525095,16.65703331648732
0.03694486382579047,12.112772309220087,0.12280701754385964,0.0036312445964915606,142.62194455323197,0.4792480251011539,17.242742833798903
0.033052195208798575,12.608422406675322,0.12280701754385964,0.0038058122861339585,146.38832543185293,0.5131250370859325,17.840278367720597
0.029158693412256936,13.111838302070124,0.12280701754385964,0.003989619866870635,150.2472914671713,0.549385658090308,18.448486830674028
0.025264329720726737,13.621787259938513,0.12280701754385964,0.004183040603635466,154.19858126359702,0.5881662214923931,19.06645414885815
0.021369077405478262,14.136884445116063,0.12280701754385964,0.00438641930353079,158.2424490836444,0.6296037952008695,19.6931122391272
0.01747291113593341,14.655678149283965,0.12280701754385964,0.004600100684128759,162.378553962627,0.673836527637047,20.327314404821777
0.013575808110824119,15.176611559780468,0.12280701754385964,0.004824403303061631,166.60658716804764,0.7210017594404609,20.967794720024184
0.009677748603901398,15.698041586797089,0.12280701754385964,0.005059615713128289,170.92603993177315,0.7712347252058357,21.613171250339406
0.005778715801621382,16.21817434659831,0.12280701754385964,0.00530599961735065,175.33639744814673,0.8246672525019869,22.2619557015812
0.0018786969279573043,16.73538898738458,0.12280701754385964,0.005563775014985558,179.83691874684393,0.8814266191187523,22.912567172904396
