shrinking_speed_steady_state,velocity_decay_timescale,equilibrium_density,P0_end_fit,lengthscale_density_end_fit,accumulation_end_fit,accumulation_timescale
0.39,1.0,0.5089011663597299,0.0,20.0,0.0,1.0
0.37982740680589017,0.17727729283143723,0.5089011663597299,0.012770279492057742,4.088289816338838,0.058853733644530906,0.21580241946002393
0.36913120822934836,0.18375514780466667,0.5089011663597299,0.02619605852877322,4.1927521886558585,0.12345162496135025,0.22536922232418904
0.3578700478674309,0.19092130415864533,0.5089011663597299,0.04032878462436189,4.309391742163522,0.194735737088507,0.23619639686637048
0.3459981323848043,0.19887832712014392,0.5089011663597299,0.05522534152739486,4.440468195341824,0.27387386322536195,0.24853525670717255
0.3334646327333338,0.20774933036343854,0.5089011663597299,0.07094875432402341,4.588836398440145,0.362332645679453,0.26270893267632767
0.32021299142947984,0.2176757731256399,0.5089011663597299,0.0875689923626656,4.758155629809456,0.46198134454548284,0.27913237854163786
0.30618012155502783,0.22883033345705248,0.5089011663597299,0.10516387722403217,4.953193637162687,0.575242240775364,0.2983578028190173
0.29129548296436775,0.24141667542112652,0.5089011663597299,0.123820096689185,5.180279467864662,0.7053143469850454,0.3211286284851562
0.2754800243426376,0.2556879384191346,0.5089011663597299,0.14363430747139475,5.447996863487802,0.856515343289364,0.3484847197142651
0.25864498817052134,0.2719400264382301,0.5089011663597299,0.16471427891964693,5.768281730529435,1.0348220493585711,0.3819070822473583
0.24069060093105418,0.2905444239636163,0.5089011663597299,0.18717994818080816,6.158225286824411,1.2487572008425065,0.4236183063309172
0.22150472934532922,0.31196245020392604,0.5089011663597299,0.211164092848265,6.64317198376104,1.5109110483380173,0.4771092949380671
0.200961728781168,0.3367809302350817,0.5089011663597299,0.2368119350952207,7.262331903340091,1.8406945891991664,0.5482142620618558
0.1789220773761775,0.3657626691137644,0.5089011663597299,0.26427803739053185,8.079624188995219,2.269651781408892,0.6474438189599487
0.15523438587261584,0.39991438044805105,0.5089011663597299,0.29371631785247365,9.206355725695573,2.852553804519803,0.7955331310818284
0.12974434748480357,0.44054567452756055,0.5089011663597299,0.325251566060497,10.853607750866583,3.6929767264812474,1.0380789690052596
0.1023252656734893,0.48916655898898326,0.5089011663597299,0.35889592126875397,13.469444271307912,5.0100893470856676,1.4892057562771857
0.07298432229044867,0.546431014278887,0.5089011663597299,0.3942774028827138,18.157917837519403,7.341401034563441,2.4820933031533987
0.042267073493331836,0.6063366065232055,0.5089011663597299,0.4296493077974018,28.144275938741636,12.242727397123861,5.141463010395684
0.012500517310425806,0.6382120020780453,0.5089011663597299,0.4590875122281804,52.65043621726654,24.08887545655705,12.238278728520552
0.1789220773761775,0.3657626691137644,0.5089011663597299,0.26427803739053185,8.079624188995219,2.269651781408892,0.6474438189599487
0.17432137518870858,0.37214211345496323,0.5089011663597299,0.2700032208245522,8.275394848102405,2.3715475846372103,0.672198102507553
0.16965351296298717,0.3787366445338491,0.5089011663597299,0.27580854531009136,8.484469427599661,2.4800570641717936,0.6990764356074497
0.1649172312538185,0.3855566431072959,0.5089011663597299,0.28169514114434524,8.70823076698199,2.5958593578270164,0.7283611133943275
0.16011127199526126,0.39261195723125164,0.5089011663597299,0.2876640727419366,8.948256838704978,2.719729292305015,0.760383063660589
0.15523438587261584,0.39991438044805105,0.5089011663597299,0.29371631785247365,9.206355725695573,2.852553804519803,0.7955331310818284
0.15028534083171205,0.40747481442277844,0.5089011663597299,0.29985274302631804,9.484608615253562,2.9953537817888694,0.8342757119532316
0.14526293778175434,0.415305682168165,0.5089011663597299,0.30607406581642826,9.785420184708213,3.1493073352896945,0.8771642031857366
0.14016601785766433,0.4234191981616182,0.5089011663597299,0.31238082621872043,10.111586562181687,3.315784443231989,0.9248645729938224
0.13499348921421747,0.43182832658270204,0.5089011663597299,0.318773324993061,10.466371497001566,3.49638264862104,0.9781785435180648
0.12974434748480357,0.44054567452756055,0.5089011663597299,0.325251566060497,10.853607750866583,3.6929767264812474,1.0380789690052596
0.12441770777599782,0.4495839728643609,0.5089011663597299,0.3318151749415617,11.277821803071797,3.907779836472494,1.1057579552765948
0.11901284488476932,0.4589548595935327,0.5089011663597299,0.3384632961649662,11.744391987756105,4.143419188593668,1.182671832447778
0.11352924447784869,0.4686702458648948,0.5089011663597299,0.3451944623355235,12.259750345775855,4.40303384919196,1.270625257354956
0.10796667426953446,0.47873875293810475,0.5089011663597299,0.3520064213472942,12.831638407646691,4.69039971666012,1.3718683693727052
0.1023252656734893,0.48916655898898326,0.5089011663597299,0.35889592126875397,13.469444271307912,5.0100893470856676,1.4892057562771857
0.09660563577378256,0.4999547771971304,0.5089011663597299,0.3658584169034953,14.18463088101095,5.3676806478097525,1.6261874558607916
0.09080903973558693,0.5110984510193476,0.5089011663597299,0.3728876937256502,14.991299369518346,5.770025827160647,1.7873280692262556
0.084937572886042,0.52258202171042,0.5089011663597299,0.3799753697116597,15.906926563961937,6.225603443601527,1.9783814825100186
0.07899444132374173,0.5343759617919497,0.5089011663597299,0.387110238002817,16.953328853380334,6.744979358885378,2.2067727090926397
0.07298432229044867,0.546431014278887,0.5089011663597299,0.3942774028827138,18.157917837519403,7.341401034563441,2.4820933031533987
0.06691383346518387,0.5586665811249096,0.5089011663597299,0.40145715041528274,19.555327591602953,8.031564777588965,2.8167886391114973
0.0607921485423844,0.5709738887646418,0.5089011663597299,0.40862350412552395,21.189464368141646,8.836574515981985,3.2269007591075973
0.05463176624364465,0.5831859232414625,0.5089011663597299,0.4157424366702289,23.11599803934336,9.783098785565144,3.7330056932845013
0.04844942604355258,0.5950749334795696,0.5089011663597299,0.42276980847462364,25.40514463943978,10.904646076005726,4.360872222857222
0.042267073493331836,0.6063366065232055,0.5089011663597299,0.4296493077974018,28.144275938741636,12.242727397123861,5.141463010395684
0.0361126306841853,0.6165858868863043,0.5089011663597299,0.4363110908328011,31.439272393290622,13.847407677569528,6.109224167719902
0.030020082996000817,0.6253641903630409,0.5089011663597299,0.4426725318031113,35.41261336243681,15.776299150594074,7.296810834962381
0.024028111706727296,0.6321791563981579,0.5089011663597299,0.4486431864792667,40.19542620054886,18.090741592955066,8.725166615002351
0.018176537561464912,0.6365725412536622,0.5089011663597299,0.45413637899160225,45.910961809256534,20.847891187883516,10.388330068960382
0.012500517310425806,0.6382120020780453,0.5089011663597299,0.4590875122281804,52.65043621726654,24.08887545655705,12.238278728520552
0.39,1.0,0.5089011663597299,0.0,20.0,0.0,1.0
0.37509601132546855,0.18260777277548998,0.5089011663597299,0.00629226191081156,4.133772496282864,0.02928360400304655,0.2192223270564819
0.3599665338236016,0.19134635682597254,0.5089011663597299,0.012953991521843162,4.287131309070203,0.062263928400466226,0.2326094216383028
0.34459287635685376,0.20084614738185688,0.5089011663597299,0.020021169172285958,4.4565732339101976,0.09961019266435671,0.24762365248828422
0.32895434729707,0.21125481974311103,0.5089011663597299,0.027535365544857922,4.644955450322494,0.14216126088024622,0.26463042257472263
0.31302794137227236,0.22269915501282955,0.5089011663597299,0.03554500947103624,4.855865894866863,0.19098262981408154,0.28405230154494504
0.2967879563680728,0.23533641191585095,0.5089011663597299,0.044107044974062516,5.093874131377496,0.24744783034373205,0.3064470645692117
0.28020551867508775,0.24935070275467536,0.5089011663597299,0.053289131522826994,5.36489341757264,0.3133573222999237,0.3325571083148298
0.2632479888136925,0.2649694911728253,0.5089011663597299,0.06317261746419373,5.676716059951896,0.39111643340880287,0.3634038621347895
0.24587820679581476,0.28247680214314463,0.5089011663597299,0.07385663834637876,6.039827138449632,0.4840094287381999,0.4004331838342927
0.22805352099348414,0.30222919214467275,0.5089011663597299,0.08546389235794881,6.468681216958922,0.5966353270001229,0.4457602559732394
0.2097245212555351,0.3246881347644314,0.5089011663597299,0.09814898529858694,6.983780631144686,0.7356278989262143,0.5026118398746284
0.19083336615824037,0.35046675353751355,0.5089011663597299,0.11211083337867526,7.6152081988302704,0.9108986509912247,0.576148430737025
0.17131155939473738,0.3804051798125877,0.5089011663597299,0.12761168976576034,8.408949240749081,1.1378983854225213,0.6750903987753211
0.15107701822821568,0.4156934117631245,0.5089011663597299,0.1450073645086216,9.438929690444837,1.4420024080065845,0.8151377761156964
0.13003041030289192,0.45807630836222735,0.5089011663597299,0.16479696794614832,10.831747946701807,1.8676986732283907,1.0266935161724582
0.10805154527005713,0.5101845293307001,0.5089011663597299,0.1877071569235212,12.822507617581968,2.4997867238552907,1.373915309884441
0.08500052424392464,0.5759969510199169,0.5089011663597299,0.21483324807566095,15.896523522776421,3.5185083507756514,2.0075043473012117
0.06074751496707982,0.6608032889511298,0.5089011663597299,0.24782692182602034,21.2023307260526,5.3648713156080206,3.3336193650342167
0.035350790743933276,0.7655882366943048,0.5089011663597299,0.28866780210838244,31.893848194916707,9.298353498163188,6.575706262761075
0.009779652940287098,0.8546565130732677,0.5089011663597299,0.33571709265309024,56.35589478083052,18.849792887434614,14.233544392893325
0.15107701822821568,0.4156934117631245,0.5089011663597299,0.1450073645086216,9.438929690444837,1.4420024080065845,0.8151377761156964
0.14693618928827437,0.4235333033142568,0.5089011663597299,0.14875448683792805,9.683030300309404,1.515482162412415,0.8503461306224807
0.14276205625780952,0.4316722562135882,0.5089011663597299,0.1526015354061837,9.942699592261821,1.5941959755037078,0.8886669473642997
0.13855369515195834,0.4401281836649161,0.5089011663597299,0.15655376645762992,10.219490733690987,1.6786986764487277,0.9305040217529158
0.1343101455022139,0.4489218173069294,0.5089011663597299,0.16061686117915897,10.515169017835818,1.7696239797521796,0.976329422350829
0.13003041030289192,0.45807630836222735,0.5089011663597299,0.16479696794614832,10.831747946701807,1.8676986732283907,1.0266935161724582
0.1257134557952322,0.4676153044553507,0.5089011663597299,0.16910075112098513,11.171533760876885,1.973759713609313,1.0822439999874587
0.12135821206273488,0.47756485876730775,0.5089011663597299,0.1735354447408948,11.537179445787093,2.088775286388195,1.143747923728025
0.11696357454101486,0.4879552680827941,0.5089011663597299,0.17810891176471763,11.931750889525585,2.213870647541901,1.2121060950545297
0.11252840665458984,0.49881684535334775,0.5089011663597299,0.18282970914846106,12.358808645843814,2.3503600757117895,1.2883971393592406
0.10805154527005713,0.5101845293307001,0.5089011663597299,0.1877071569235212,12.822507617581968,2.4997867238552907,1.373915309884441
0.10353180735240083,0.5220947940454428,0.5089011663597299,0.1927514135147473,13.327723609057623,2.663972058392342,1.470207088503997
0.0989680003386437,0.5345871607973575,0.5089011663597299,0.19797355412005802,13.880211475825263,2.8450792902055486,1.579153519655446
0.09435894352356294,0.547705139949694,0.5089011663597299,0.20338563657436784,14.486794771189839,3.045692050582441,1.7030416858004256
0.08970348091814544,0.5614926834547312,0.5089011663597299,0.20900079011583836,15.155632607819966,3.268915678326885,1.8446732265977113
0.08500052424392464,0.5759969510199169,0.5089011663597299,0.21483324807566095,15.896523522776421,3.5185083507756514,2.0075043473012117
0.08024909689712252,0.5912622694614412,0.5089011663597299,0.22089837374138876,16.7213174768775,3.79904571970763,2.195827533191775
0.07544839479634541,0.6073397608517237,0.5089011663597299,0.22721262870147332,17.644449970846463,4.116138904953348,2.4149747808004975
0.07059788931651177,0.6242700717394746,0.5089011663597299,0.23379341632129141,18.683595839853922,4.47671458688424,2.671660557389048
0.06569744731049143,0.642085452627682,0.5089011663597299,0.24065879709617435,19.86055154883227,4.889375591654807,2.974324480802383
0.06074751496707982,0.6608032889511298,0.5089011663597299,0.24782692182602034,21.2023307260526,5.3648713156080206,3.3336193650342167
0.05574936516506372,0.6804138397754534,0.5089011663597299,0.2553150708792115,22.74255308875171,5.916692980618876,3.7629786918195878
0.050705432351658336,0.7008580182629915,0.5089011663597299,0.2631380856572083,24.52315120883621,6.561813366440128,4.27915915414521
0.045619755255523316,0.7220304292063032,0.5089011663597299,0.27130591394620746,26.596370313220298,7.321591306626743,4.902880705885135
0.040498533043614275,0.7437187336708517,0.5089011663597299,0.2798199388536185,29.026927056811612,8.222755702900676,5.65896583387464
0.035350790743933276,0.7655882366943048,0.5089011663597299,0.28866780210838244,31.893848194916707,9.298353498163188,6.575706262761075
0.030189025683891323,0.7871451698230457,0.5089011663597299,0.29781671542332805,35.29130329849849,10.588327972650001,7.68247514803027
0.025029676582469854,0.8077140850675827,0.5089011663597299,0.3072060781972663,39.32673262368434,12.139094011782941,9.004363884269766
0.019893004444727004,0.8264495921859201,0.5089011663597299,0.31674168745022185,44.114448514238596,14.001267157190876,10.552897072176629
0.014801942268799655,0.8424035974373407,0.5089011663597299,0.3262956862774115,49.762925342410774,16.22460270695595,12.31347311078546
0.009779652940287098,0.8546565130732677,0.5089011663597299,0.33571709265309024,56.35589478083052,18.849792887434614,14.233544392893325
0.39,1.0,0.5089011663597299,0.0,20.0,0.0,1.0
0.3727745891739772,0.18750681220904206,0.5089011663597299,0.00311402274285795,4.156505090079878,0.014562819843410513,0.2213429679528754
0.35547341077115197,0.19817889721651655,0.5089011663597299,0.006462527931216383,4.335156615691199,0.03137139376673764,0.23715241484438881
0.33808706751357515,0.20991932948540404,0.5089011663597299,0.0100721142950899,4.532854349944511,0.050876340783311116,0.25499447136126246
0.3206048781973807,0.22276728747764324,0.5089011663597299,0.013973835758642762,4.752950451665811,0.07364830417367521,0.2752387030683239
0.3030146570193794,0.23693065081098205,0.5089011663597299,0.01820426556995448,4.999648207166879,0.10041941556376538,0.29844637678706093
0.2853024417592043,0.2525969532560588,0.5089011663597299,0.02280690378996627,5.278292473138551,0.13214297872457326,0.3253056275657594
0.2674521547976771,0.2700195537380511,0.5089011663597299,0.02783407071293457,5.595788017517244,0.17008110497083126,0.35676387500579876
0.249445174510875,0.2894939644300535,0.5089011663597299,0.033349502519796265,5.9612166386049505,0.21593678671153455,0.3941203320824782
0.2312597850195376,0.3114139573045391,0.5089011663597299,0.039431985692879264,6.386772588422718,0.27205859376626856,0.4392483343073129
0.21287045790511935,0.33628601802903524,0.5089011663597299,0.04618056866549573,6.8892253903979155,0.3417683947744077,0.4949176070032231
0.1942468977601895,0.3647927401068693,0.5089011663597299,0.05372223966269251,7.492291560519134,0.4299062157776954,0.5653958972805532
0.17535275078959653,0.39788059701565553,0.5089011663597299,0.062223590048260696,8.230646109314096,0.5437768865447824,0.6575476990384855
0.15614382878248995,0.43690440405129916,0.5089011663597299,0.07190916046072728,9.157056248007745,0.6948830049871811,0.7829615522297043
0.13656564342626615,0.4838905840349778,0.5089011663597299,0.08309145636455319,10.355854990483877,0.9023023156758773,0.9622867864983632
0.11655003308101806,0.5420029550732809,0.5089011663597299,0.09622217944667547,11.970299840054214,1.1997930891898805,1.2346896031832504
0.09601093130331882,0.6164312929904372,0.5089011663597299,0.11198345104357162,14.26338233717868,1.6522037684185245,1.6804164164451945
0.07484128856426132,0.7160550017475478,0.5089011663597299,0.1314535078216017,17.768319031817644,2.3979931414758164,2.481561891190006
0.0529236689233932,0.8559414078883731,0.5089011663597299,0.15638140665176475,23.7093084716194,3.7749471369634473,4.105977165507832
0.030221577678996858,1.0535720464139957,0.5089011663597299,0.18929936580977513,35.268005553489395,6.730071633974027,7.839809447628426
0.007181088746567032,1.2670444697715821,0.5089011663597299,0.23084878225107042,60.20498987730887,13.838657549861109,15.846362194227277
0.13656564342626615,0.4838905840349778,0.5089011663597299,0.08309145636455319,10.355854990483877,0.9023023156758773,0.9622867864983632
0.13259998387170918,0.49449392927900393,0.5089011663597299,0.08554398374962784,10.639366476042001,0.9531230394177435,1.0075613999774953
0.12861626139458654,0.5055688959070292,0.5089011663597299,0.08807822712713126,10.940700554869487,1.0078274842440842,1.056884327747329
0.12461382390056625,0.5171507179682219,0.5089011663597299,0.09069905670630579,11.261602188155566,1.066839136408397,1.1107678752582764
0.12059198701455197,0.5292807797421543,0.5089011663597299,0.09341177799772052,11.604051058639255,1.1306423438204163,1.1698078440913242
0.11655003308101806,0.5420029550732809,0.5089011663597299,0.09622217944667547,11.970299840054214,1.1997930891898805,1.2346896031832504
0.11248721011154086,0.555366413417434,0.5089011663597299,0.09913658763511658,12.362920896879718,1.2749326713732574,1.3062194219534984
0.10840273042843909,0.5694260424147317,0.5089011663597299,0.10216193132831337,12.784864680349932,1.3568036342343401,1.3853397756554742
0.10429577017303286,0.584243049313126,0.5089011663597299,0.10530581230009572,13.239529036936785,1.446269788231239,1.4731653854303117
0.10016546899886927,0.5998861793002077,0.5089011663597299,0.10857658616332275,13.730845404611749,1.5443410306014247,1.5710031086855447
0.09601093130331882,0.6164312929904372,0.5089011663597299,0.11198345104357162,14.26338233717868,1.6522037684185245,1.6804164164451945
0.09183122738902176,0.6339644918705366,0.5089011663597299,0.11553654980827034,14.842478365904835,1.7712585983518472,1.8032683231426583
0.08762539823077434,0.6525775375852998,0.5089011663597299,0.1192470775513328,15.474400150268712,1.9031690668912697,1.9418005196262038
0.08339246153863816,0.6723832795417747,0.5089011663597299,0.12312740132177274,16.16654512810988,2.0499212548642753,2.09871477659294
0.07913142239194014,0.6934979416310215,0.5089011663597299,0.12719118362259751,16.927692096867695,2.2139015133511926,2.2773025796754003
0.07484128856426132,0.7160550017475478,0.5089011663597299,0.1314535078216017,17.768319031817644,2.3979931414758164,2.481561891190006
0.07052109401499054,0.7401989015637703,0.5089011663597299,0.13593099161707184,18.70100125455843,2.605701046539699,2.7164044090766084
0.06616993285114244,0.7660889046272993,0.5089011663597299,0.14064187360433805,19.740914554483876,2.8413137146476948,2.98787946413502
0.06178700799932588,0.7938945506925675,0.5089011663597299,0.1456060422526644,20.906470732375176,3.1101082823854354,3.3034542741571293
0.05737170108585735,0.823782653341155,0.5089011663597299,0.15084495941496928,22.220112098449903,3.418613505275564,3.672355876470971
0.0529236689233932,0.8559414078883731,0.5089011663597299,0.15638140665176475,23.7093084716194,3.7749471369634473,4.105977165507832
0.04844298218223719,0.8905187679928532,0.5089011663597299,0.16223893198621864,25.407746569003532,4.189237621570697,4.618309102705588
0.04393030714839801,0.9276254304556257,0.5089011663597299,0.16844084306700657,27.35677041096334,4.6741391029369215,5.226343771771607
0.03938715298468626,0.9672969164467595,0.5089011663597299,0.17500849969071652,29.606944951922586,5.245448230562609,5.950236168444279
0.03481618219576108,1.0093694245583302,0.5089011663597299,0.1819586277440397,32.21960924847256,5.922756601949108,6.81311276932116
0.030221577678996858,1.0535720464139957,0.5089011663597299,0.18929936580977513,35.268005553489395,6.730071633974027,7.839809447628426
0.025609420505074466,1.0992066085879828,0.5089011663597299,0.19702492089006302,38.83729524291677,7.696166335771569,9.053975686700275
0.02098799034639921,1.1451797631276628,0.5089011663597299,0.20510923543724602,43.02219907324139,8.854296639552961,10.472669736385637
0.01636779454950826,1.189874524598305,0.5089011663597299,0.21349999055038563,47.92115993872885,10.24077611880128,12.098142582840065
0.011761143039687352,1.2312893683561836,0.5089011663597299,0.22211566562293264,53.625562327257555,11.891852006556503,13.907852607575037
0.007181088746567032,1.2670444697715821,0.5089011663597299,0.23084878225107042,60.20498987730887,13.838657549861109,15.846362194227277
0.39,1.0,0.5089011663597299,0.0,20.0,0.0,1.0
0.3716240079965943,0.19164021312260893,0.5089011663597299,0.0015388091754694913,4.167876124351039,0.007213700654524541,0.2225938933368777
0.35322530881380465,0.2039369788558578,0.5089011663597299,0.003214741894330889,4.359638292304814,0.01568384684513131,0.2399393757342039
0.33480014322452506,0.217479026095741,0.5089011663597299,0.005046007452426148,4.572505503044836,0.025687701017663975,0.2596086771995835
0.3163440754540155,0.23247786317939148,0.5089011663597299,0.007054198145600354,4.81022596483279,0.03758128275069815,0.28210720343004386
0.2978518486837377,0.24914833039186207,0.5089011663597299,0.009265140217006708,5.077500031928265,0.051827765985803985,0.30806083856885025
0.27931720254633274,0.26778226773521563,0.5089011663597299,0.011710026422246141,5.38030456619346,0.06903864805217651,0.3383224298282742
0.2607326400568321,0.28870178245699785,0.5089011663597299,0.014426949348257704,5.726359778467749,0.090034824152299,0.37401930086037577
0.24208912622640333,0.31236713398045585,0.5089011663597299,0.017463017397108784,6.125817243408136,0.11593933268741814,0.41677175852727383
0.22337569277494318,0.3393587643932568,0.5089011663597299,0.02087733847849094,6.592301534496515,0.1483224622826753,0.4689011375911666
0.20457891134098177,0.37045679299651674,0.5089011663597299,0.02474533112920267,7.144536634361326,0.18943605585991358,0.5338740682916568
0.18568217884294075,0.4067493358710795,0.5089011663597299,0.02916512862981881,7.808977562986466,0.24260666228177127,0.6170603483851019
0.16666472912253508,0.44979865790848306,0.5089011663597299,0.03426739735953464,8.62424948862749,0.31292432128592285,0.7271048485886833
0.14750023891642772,0.5019465849469363,0.5089011663597299,0.04023094055968363,9.649012567805057,0.40851465925601776,0.8785289978770445
0.12815482808589687,0.5668754195096599,0.5089011663597299,0.0473085261251919,10.97673923009406,0.5430377757780968,1.0969003007641098
0.10858417820364011,0.6507232893861826,0.5089011663597299,0.05587157985356152,12.765503057315396,0.7409829661365812,1.4298868759693775
0.08872953226322451,0.7644131939139561,0.5089011663597299,0.06649103602577765,15.303395170382469,1.0499609376223176,1.9732869926616718
0.06851324413804522,0.9289774696543116,0.5089011663597299,0.08008755961293168,19.167443269104236,1.5725910937670637,2.939787926599937
0.04784046183027682,1.187304139335497,0.5089011663597299,0.09819236624578297,25.65322723833352,2.5600819749174786,4.856108724507215
0.026645734758191018,1.61654342992935,0.5089011663597299,0.12313789489355641,37.98608610719977,4.709715795867252,9.060455677331797
0.005122468279077355,2.1952761625937143,0.5089011663597299,0.15622390933133135,63.476968598197026,9.87111655767845,17.403073803565967
0.12815482808589687,0.5668754195096599,0.5089011663597299,0.0473085261251919,10.97673923009406,0.5430377757780968,1.0969003007641098
0.12426036034445459,0.5818733862205907,0.5089011663597299,0.048887589562899084,11.29086967547426,0.5764791865928024,1.1522066070408776
0.1203565139105795,0.5976783485480237,0.5089011663597299,0.050529179029026705,11.624760789792337,0.6126613031203252,1.21249200548528
0.1164428494911169,0.6143641449845263,0.5089011663597299,0.05223734966228568,11.98033249458889,0.6518937781229281,1.278375524761029
0.11251890180027378,0.6320148014086401,0.5089011663597299,0.0540165329665527,12.359757845009938,0.6945314902149601,1.3505662306774013
0.10858417820364011,0.6507232893861826,0.5089011663597299,0.05587157985356152,12.765503057315396,0.7409829661365812,1.4298868759693775
0.10463815634158899,0.6705959475266234,0.5089011663597299,0.05780781487460832,13.200382980221582,0.7917203888923152,1.5172936268056387
0.10068028321487553,0.6917540061293317,0.5089011663597299,0.05983108994291061,13.667616986965857,0.8472914937864308,1.6139103622269797
0.09670997347166717,0.7143316183201419,0.5089011663597299,0.06194785057263318,14.17090387653892,0.9083348025011793,1.7210373999498692
0.09272660773192781,0.7384919403186685,0.5089011663597299,0.06416521128519002,14.714514225897044,0.9755980230357981,1.8402206119587368
0.08872953226322451,0.7644131939139561,0.5089011663597299,0.06649103602577765,15.303395170382469,1.0499609376223176,1.9732869926616718
0.084718058064908,0.7923038914244397,0.5089011663597299,0.06893403410957663,15.943308918036982,1.1324639751573464,2.1224053202734345
0.08069146181750662,0.8224048338672009,0.5089011663597299,0.07150386184882651,16.640995470749775,1.2243440866123605,2.2901702568091293
0.07664898735655946,0.8549937132435025,0.5089011663597299,0.07421123898639412,17.404380444157294,1.3270786669150103,2.4796864854324836
0.07258985021321712,0.8903930241321931,0.5089011663597299,0.07706806740402594,18.24282477316267,1.4424452051964973,2.6947174367752615
0.06851324413804522,0.9289774696543116,0.5089011663597299,0.08008755961293168,19.167443269104236,1.5725910937670637,2.939787926599937
0.06441835238351971,0.9711856782203588,0.5089011663597299,0.08328436135649683,20.191496969936484,1.720124900822016,3.2204026212315355
0.06030436480346056,1.0174860297917496,0.5089011663597299,0.08667465966006467,21.330883392875183,1.8882378833284346,3.543268041169768
0.0561705046359124,1.0684942172855219,0.5089011663597299,0.0902762475295882,22.604733510498356,2.0808494613144295,3.916543689846117
0.05201606385362541,1.1248600701228648,0.5089011663597299,0.09410852927613897,24.036182189934788,2.3027977683116516,4.350152262378791
0.04784046183027682,1.187304139335497,0.5089011663597299,0.09819236624578297,25.65322723833352,2.5600819749174786,4.856108724507215
0.043643318775745885,1.2566110555356143,0.5089011663597299,0.10254973761450845,27.48982654943876,2.860155699632298,5.448834129043516
0.03942456251766785,1.3335647649070559,0.5089011663597299,0.1072030360033856,29.587090404223066,3.21228820271093,6.145372613984762
0.035184569580856626,1.418942476883836,0.5089011663597299,0.1121738559886877,31.994530395816135,3.627973250994827,6.965194347441668
0.030924344725037908,1.513253038315855,0.5089011663597299,0.11748105654621128,34.77116486257843,4.12137627803392,7.9297069900137815
0.026645734758191018,1.61654342992935,0.5089011663597299,0.12313789489355641,37.98608610719977,4.709715795867252,9.060455677331797
0.02235165371227142,1.7281908727781916,0.5089011663597299,0.1291481485123115,41.71786804968396,5.413471105173274,10.37587742089791
0.018046271794255723,1.8462658052376035,0.5089011663597299,0.1355014799445938,46.05184031464394,6.256160403862299,11.885975451493646
0.013735076407753156,1.967205517701671,0.5089011663597299,0.14216891333199314,51.074384914843684,7.263381696429101,13.584942717785513
0.009424703929063432,2.085839520851688,0.5089011663597299,0.14910003831875582,56.86361784965817,8.460836257745823,15.443412901503232
0.005122468279077355,2.1952761625937143,0.5089011663597299,0.15622390933133135,63.476968598197026,9.87111655767845,17.403073803565967
0.39,1.0,0.5089011663597299,0.0,20.0,0.0,1.0
0.3750835520654053,0.17909738345485304,0.5089011663597299,0.006275203778788717,4.133893762297843,0.029204974372984117,0.21921114153106244
0.35991884688018283,0.18754996851828057,0.5089011663597299,0.012885093202845399,4.2876348028414855,0.061939223033557214,0.2326171695335871
0.34449060106942303,0.19675211032151654,0.5089011663597299,0.01986475513758066,4.4577504277897,0.0988552810265408,0.24768534421377691
0.3287817819786125,0.20684524501079657,0.5089011663597299,0.027255054973512407,4.6471327400812505,0.14077316825469874,0.2647853240657312
0.31277330229382555,0.21795303934959542,0.5089011663597299,0.03510398106223323,4.859409908541335,0.1887369550295084,0.28434865522900327
0.29644364108083204,0.23022717723205083,0.5089011663597299,0.04346840494839518,5.0991981776816,0.2440956146271281,0.3069441784237739
0.2797683682803563,0.2438488645645459,0.5089011663597299,0.05241642179321499,5.372465395408737,0.3086211904907023,0.33333176901857736
0.26271954087081606,0.2590394412889192,0.5089011663597299,0.06203051627487686,5.687068264170599,0.3846857720825532,0.3645552374429691
0.24526492613993786,0.2760722172936664,0.5089011663597299,0.07241192860900197,6.0535685433916075,0.4755341511699474,0.40209072966372855
0.22736698892319923,0.2952971140284393,0.5089011663597299,0.083686808068783,6.486513018241328,0.5857178870329751,0.44810531015970745
0.2089815528051057,0.31716153417886017,0.5089011663597299,0.09601510166919004,7.006516069000273,0.7218123032350118,0.5059011618229998
0.19005600776172968,0.34226276717853266,0.5089011663597299,0.10960375541745224,7.64379787230533,0.8936551927535769,0.5807638222472008
0.17052688997952464,0.37142157340440884,0.5089011663597299,0.12472694219938954,8.444512999483802,1.1166013064729159,0.6816240948290239
0.15031662547697847,0.4057998056102862,0.5089011663597299,0.1417581386727893,9.48279452556746,1.415895286277696,0.8245402832738424
0.12932931873688447,0.4471057617679847,0.5089011663597299,0.16122282098607665,10.885483937179897,1.8358355659341798,1.040532753917155
0.10744618495651018,0.49792307989962986,0.5089011663597299,0.18388750908096815,12.88792336427183,2.4609205920948414,1.3948247043588615
0.08452492673509027,0.5621836364620726,0.5089011663597299,0.2109086009803637,15.975453572584023,3.4708411939439476,2.039974171819584
0.06042600600613184,0.6452092541143438,0.5089011663597299,0.24403051915205531,21.29545040923509,5.305371571754236,3.385462334638081
0.03518363096459414,0.7485310071602953,0.5089011663597299,0.2853540921154507,31.995098491806896,9.220577325242049,6.658894111624076
0.009722110576679694,0.8388214265824826,0.5089011663597299,0.33326064826094476,56.43773722044068,18.74033795960656,14.350766644410387
0.15031662547697847,0.4057998056102862,0.5089011663597299,0.1417581386727893,9.48279452556746,1.415895286277696,0.8245402832738424
0.14618477242869088,0.41343919177301186,0.5089011663597299,0.14543606992262717,9.72873566631701,1.4883070659738344,0.860484291186228
0.14202104279052424,0.4213702656319724,0.5089011663597299,0.149215731240171,9.990310220308054,1.5659134892484656,0.8996089833835285
0.13782452929879813,0.42961118652160374,0.5089011663597299,0.15310266570767037,10.269073417136065,1.6492672952248708,0.9423252824005381
0.1335942841161475,0.43818213445653487,0.5089011663597299,0.1571028665751664,10.56679287746497,1.7389999763236073,0.9891143667838809
0.12932931873688447,0.4471057617679847,0.5089011663597299,0.16122282098607665,10.885483937179897,1.8358355659341798,1.040532753917155
0.12502860276956593,0.45640537043667806,0.5089011663597299,0.16546956236111457,11.22745468159056,1.9406084013624616,1.0972415147317471
0.1206910639641389,0.46610727820600395,0.5089011663597299,0.16985072673445237,11.595359746829347,2.0542834270307697,1.1600182720514447
0.1163155889148177,0.47623920594996827,0.5089011663597299,0.174374615290302,11.992266437926435,2.1779824335002402,1.2297762102664045
0.11190102504324385,0.48683343603374635,0.5089011663597299,0.17905026258207662,12.421736022838372,2.313015098603336,1.3076083607611253
0.10744618495651018,0.49792307989962986,0.5089011663597299,0.18388750908096815,12.88792336427183,2.4609205920948414,1.3948247043588615
0.1029498513448468,0.5095450326900219,0.5089011663597299,0.18889708215176296,13.39570412263136,2.623514550083561,1.4929892144440817
0.09841078810131275,0.5217385763055885,0.5089011663597299,0.1940906742657941,13.950829337501897,2.802954060483642,1.6040040787177348
0.09382775454077077,0.5345458442569583,0.5089011663597299,0.1994810237588531,14.560123324718536,3.001815400157869,1.730177967432127
0.08919952617440531,0.5480119056483109,0.5089011663597299,0.20508198874039948,15.231734847385013,3.2231954085914185,1.874340754540449
0.08452492673509027,0.5621836364620726,0.5089011663597299,0.2109086009803637,15.975453572584023,3.4708411939439476,2.039974171819584
0.07980287220972056,0.5771065819564752,0.5089011663597299,0.2169770875391182,16.803117779155617,3.749316446356547,2.2314064886605007
0.07503243373563427,0.592832316929794,0.5089011663597299,0.2233048320808994,17.729137132089193,4.064217294121614,2.4540059047298457
0.07021292759380661,0.6094031636959354,0.5089011663597299,0.22991023116441883,18.771162657036903,4.422449568674037,2.714522049846629
0.06534404079651622,0.6268549597743439,0.5089011663597299,0.23681238475373498,19.950948029249744,4.8325947378321015,3.0214438223055478
0.06042600600613184,0.6452092541143438,0.5089011663597299,0.24403051915205531,21.29545040923509,5.305371571754236,3.385462334638081
0.05545984610946697,0.6644627140780498,0.5089011663597299,0.25158299346749413,22.83820959156596,5.854233843848629,3.8200473890224873
0.050447702420273736,0.6845730517975609,0.5089011663597299,0.25948567956208507,24.62105557563298,6.496111000208845,4.341994211027154
0.045393277259942307,0.7054283867391354,0.5089011663597299,0.2677494268320861,26.6960894574564,7.252302200373017,4.97201955497413
0.04030238889624229,0.7268531465008683,0.5089011663597299,0.27637627236245227,29.12783141482861,8.149467460073598,5.734917366530584
0.03518363096459414,0.7485310071602953,0.5089011663597299,0.2853540921154507,31.995098491806896,9.220577325242049,6.658894111624076
0.030049046789610644,0.7699978801603575,0.5089011663597299,0.29464969745866215,35.39177664227152,10.505490747724416,7.7731571330183655
0.02491461251781557,0.7906127776683598,0.5089011663597299,0.3042011907424487,39.42503059060648,12.050548278117018,9.102535248393893
0.01980016728307921,0.8095653181007427,0.5089011663597299,0.3139119284508884,44.20894966932998,13.906335823759626,10.658225479830927
0.014728329128339008,0.8259367452214951,0.5089011663597299,0.32365036188492596,49.85189199031615,16.122648785628332,12.425262168071649
0.009722110576679694,0.8388214265824826,0.5089011663597299,0.33326064826094476,56.43773722044068,18.74033795960656,14.350766644410387
0.39,1.0,0.5089011663597299,0.0,20.0,0.0,1.0
0.371621633325636,0.1851772479594965,0.5089011663597299,0.00153555813648689,4.167899664723867,0.007198496264305401,0.22256637979278152
0.3532158839402684,0.19669731314478925,0.5089011663597299,0.0032011262210386244,4.359741575902273,0.015617748890862995,0.2398793038875352
0.33477915929046964,0.20942533335375457,0.5089011663597299,0.005013921455149127,4.572761105224357,0.025525637134083123,0.25953056655676604
0.3163072778624956,0.2235033383492972,0.5089011663597299,0.006994440867829741,4.810727236046184,0.03726641880098778,0.2820156017829242
0.29779534325623147,0.23913584284438208,0.5089011663597299,0.009167310789545993,5.078366797074367,0.05128844239801384,0.3079752090189754
0.2792375833471599,0.2565781361349196,0.5089011663597299,0.011562423309183145,5.381690563882021,0.06818440928314376,0.33826224309773184
0.26062714224628675,0.2761589433880482,0.5089011663597299,0.014216482371810188,5.728462461822057,0.08875116256098045,0.37404428409914875
0.24195580741673844,0.29827296326940944,0.5089011663597299,0.01717514702315863,6.128890826220724,0.11408076831888465,0.416936991002595
0.2232136461547186,0.32346229834513657,0.5089011663597299,0.020496065852895137,6.596674565157894,0.14570311125615062,0.4693038555153125
0.20438851299358035,0.3524511267840403,0.5089011663597299,0.024253277103803792,7.150635974591296,0.1858167341341684,0.5346715006129974
0.18546536962894586,0.38623898380936567,0.5089011663597299,0.028543764726253987,7.817361558918056,0.23767662598735148,0.6185034820439128
0.1664253270743013,0.42626560771698113,0.5089011663597299,0.03349753423105764,8.635654608708178,0.3062751175276294,0.7296068155312924
0.14724426905996893,0.47468663377291653,0.5089011663597299,0.03929365483027131,9.664419559094116,0.3996010013626605,0.8827812802854844
0.12789083807183566,0.5348924841582087,0.5089011663597299,0.04618684513831311,10.997466852990586,0.5311173031021448,1.104075900474721
0.10832346834038152,0.6125313059833661,0.5089011663597299,0.05455351106041727,12.793341096677446,0.725017549882414,1.4419919237405008
0.08848614202379804,0.717685866137435,0.5089011663597299,0.06497503880222127,15.340767742467005,1.028445654418135,1.993821824377212
0.06830332678785905,0.8698604756087546,0.5089011663597299,0.07839254650868348,19.21751610895832,1.5432283987801607,2.9750652020903874
0.04768015951666056,1.1093605592076814,0.5089011663597299,0.09637566270054297,25.719267147313584,2.519093658360943,4.917774157169289
0.026545409647853794,1.5123053904378136,0.5089011663597299,0.12132221661297626,38.06719366946006,4.650254722739623,9.167157734297138
0.0050753256633410985,2.0780388695573935,0.5089011663597299,0.15459869952908817,63.55411709298501,9.781396539356692,17.56470181051364
0.12789083807183566,0.5348924841582087,0.5089011663597299,0.04618684513831311,10.997466852990586,0.5311173031021448,1.104075900474721
0.12399603211547723,0.5487864841340309,0.5089011663597299,0.04772735554907107,11.312858405576469,0.5638446171801602,1.160171358788476
0.12009232207279469,0.5634249667323756,0.5089011663597299,0.049329955325269834,11.648086178303881,0.5992686077286027,1.2213338668591094
0.11617929129830806,0.5788762140259983,0.5089011663597299,0.05099876853868631,12.005074769888067,0.6376956572149187,1.2881915285452548
0.11225649698562166,0.5952160638064541,0.5089011663597299,0.05273830597141094,12.38600200656542,0.6794771157982696,1.3614658222300455
0.10832346834038152,0.6125313059833661,0.5089011663597299,0.05455351106041727,12.793341096677446,0.725017549882414,1.4419919237405008
0.10437970472916502,0.630919748313169,0.5089011663597299,0.05644981191826981,13.229911034417306,0.774784565108091,1.5307398484250756
0.10042467381615426,0.650492776220013,0.5089011663597299,0.0584331802937968,13.69893752400661,0.8293212569395965,1.6288499079691956
0.09645780989925894,0.6713779849342555,0.5089011663597299,0.060510198756086354,14.204124869488242,0.8892606752974533,1.7376417794185246
0.09247851179293434,0.6937179531794434,0.5089011663597299,0.06268813750270069,14.749750260995572,0.9553443550813011,1.8586820057290674
0.08848614202379804,0.717685866137435,0.5089011663597299,0.06497503880222127,15.340767742467005,1.028445654418135,1.993821824377212
0.08448002578752487,0.7434724961571445,0.5089011663597299,0.06737981357249505,15.98294430037722,1.1095968036999575,2.1452574010820173
0.08045945046656702,0.7713026693477124,0.5089011663597299,0.06991234990793353,16.68302930720767,1.2000265798176635,2.315615905910673
0.07642366799041107,0.8014342365867192,0.5089011663597299,0.07258362598918473,17.44894843661849,1.3012031777302415,2.5080414518764886
0.07237189691831498,0.8341703463166844,0.5089011663597299,0.07540584002458625,18.290066058859026,1.414892486494766,2.7263354671639712
0.06830332678785905,0.8698604756087546,0.5089011663597299,0.07839254650868348,19.21751610895832,1.5432283987801607,2.9750652020903874
0.06421713460420513,0.9089129520593373,0.5089011663597299,0.08155875798971578,20.244529901298783,1.6888071711868753,3.259803858990541
0.06011249267470742,0.9518013593368959,0.5089011663597299,0.0849210854626115,21.38700179735238,1.8548008225922823,3.587300462212031
0.055988594470679505,0.9990784854235594,0.5089011663597299,0.08849780975805294,22.664075313926887,2.045109869439627,3.9657836913555125
0.051844695470351754,1.0513435633661021,0.5089011663597299,0.09230885178754603,24.09883574427017,2.264550871234198,4.405250038194398
0.04768015951666056,1.1093605592076814,0.5089011663597299,0.09637566270054297,25.719267147313584,2.519093658360943,4.917774157169289
0.04349453728939622,1.1738915949099595,0.5089011663597299,0.100720847406784,27.55926174772691,2.8161642178454964,5.517859059438956
0.03928766551930661,1.245755812079963,0.5089011663597299,0.10536747164090753,29.659857669566264,3.164989823611672,6.222540806868676
0.035059807458881355,1.3257481650235634,0.5089011663597299,0.11033782172353895,32.0704529501012,3.5770283368055598,7.051418177315106
0.030811827983268952,1.4144827252961196,0.5089011663597299,0.11565144242716445,34.84993652536256,4.066394688579713,8.025801909098577
0.026545409647853794,1.5123053904378136,0.5089011663597299,0.12132221661297626,38.06719366946006,4.650254722739623,9.167157734297138
0.022263277056080454,1.6187981150613335,0.5089011663597299,0.1273544266725133,41.80055515609561,5.349035682561523,10.49374556613238
0.01796939035048153,1.7324907084222823,0.5089011663597299,0.1337380232395873,46.13514898648104,6.186213137107969,12.015305929181746
0.01366902543734727,1.8503383600883427,0.5089011663597299,0.14044400753402217,51.15706192347408,7.187365534649344,13.72565894784547
0.009368618067947155,1.9676809711251086,0.5089011663597299,0.1474215168487168,56.94430480303074,8.378207793743192,15.595056632986944
0.0050753256633410985,2.0780388695573935,0.5089011663597299,0.15459869952908817,63.55411709298501,9.781396539356692,17.56470181051364
0.39,1.0,0.5089011663597299,0.0,20.0,0.0,1.0
0.37077255823457,0.20662734437376426,0.5089011663597299,0.0003731402601702781,4.176335745446586,0.0017523656719305692,0.223624201565623
0.3515428832105248,0.2037193767979164,0.5089011663597299,0.0007842532125400127,4.378161937389187,0.003840620768397736,0.24241930574983162
0.3323105654588738,0.2174199963061337,0.5089011663597299,0.001239346783828796,4.603052825128077,0.006346847711377524,0.2639141203812574
0.3130751045098507,0.2339624787894631,0.5089011663597299,0.0017457610034521593,4.85521011158191,0.00937879735988625,0.288730661573525
0.29383588333538474,0.2526416044566505,0.5089011663597299,0.0023125585858795026,5.139919828453542,0.013079966498709942,0.31768051513812623
0.27459213379895037,0.2738307685664733,0.5089011663597299,0.0029510614740586856,5.463925127365214,0.017644558843016276,0.35184858462796004
0.2553428892162448,0.29811350265385167,0.5089011663597299,0.003675601145975773,5.835963589586868,0.023340211687143262,0.39273448839786174
0.23608691808548418,0.3262120648879465,0.5089011663597299,0.004504588947324691,6.267560046260713,0.0305434339645332,0.44248407017221036
0.21682262972188948,0.3591267983603446,0.5089011663597299,0.005462077464430986,6.774227948067442,0.03979649620971148,0.5042430130177132
0.19754793698646142,0.39827480542680616,0.5089011663597299,0.006580096424282959,7.377346028052204,0.05190189047587195,0.5827877845496284
0.17826005179775675,0.4457636355046775,0.5089011663597299,0.007902248849115065,8.107194368934906,0.06808538107144431,0.6856132108273604
0.15895517237282264,0.5048158855177955,0.5089011663597299,0.009489431027235559,9.008070423211514,0.09029057589340762,0.8248283148902769
0.1396279908610456,0.5807360182249214,0.5089011663597299,0.011429275603745884,10.147331782252488,0.12173946490053049,1.0208024377356941
0.12027089421747243,0.6827126615854893,0.5089011663597299,0.01385241367263087,11.63230968657657,0.16807008027903553,1.3090482736383644
0.1008726289416382,0.8280768792240293,0.5089011663597299,0.01696182102222811,13.644142840808758,0.23982507019079616,1.755025430301959
0.08141602981195234,1.0527966202142303,0.5089011663597299,0.021088371934062867,16.511054285381846,0.3584173909789736,2.4887021269195695
0.06187426245743895,1.440227593153415,0.5089011663597299,0.026799714405995476,20.881988667232005,0.5720580051754909,3.7928878441242095
0.04220594838746071,2.197878265711973,0.5089011663597299,0.03510561040999328,28.173983460147397,1.0034518070832223,6.33388856399293
0.022358697938654207,3.748481307271331,0.5089011663597299,0.04769385882138491,41.71124272786795,2.0013209118538025,11.608985515776377
0.002329924149501011,6.043067712345035,0.5089011663597299,0.06611658503794517,68.23449463171862,4.49434727476177,21.021772037761306
0.12027089421747243,0.6827126615854893,0.5089011663597299,0.01385241367263087,11.63230968657657,0.16807008027903553,1.3090482736383644
0.11639498016229698,0.7075347670493867,0.5089011663597299,0.014411129073599729,11.984818568710379,0.17991574018055653,1.3827244266392884
0.11251732495993255,0.7342352418385744,0.5089011663597299,0.014998996590733098,12.359914557419462,0.1928659491933048,1.4632537352715365
0.10863780591276513,0.7630420678645614,0.5089011663597299,0.015618322086636643,12.7597918287644,0.20705768834976265,1.551476738958035
0.10475628924723382,0.7942203409039429,0.5089011663597299,0.01627165519964439,13.186930429618258,0.22264941384276735,1.6483603625618068
0.1008726289416382,0.8280768792240293,0.5089011663597299,0.01696182102222811,13.644142840808758,0.23982507019079616,1.755025430301959
0.09698666542047207,0.8649834337368103,0.5089011663597299,0.017691956605399493,14.134629948016443,0.2587989443879825,1.8727627476686384
0.09309822414888329,0.9053434814954389,0.5089011663597299,0.018465552392412325,14.662046502676853,0.27982237318865266,2.0030699680938246
0.08920711402403673,0.9496831038471918,0.5089011663597299,0.019286500863916978,15.230583292416762,0.30319005830113344,2.1477259398486788
0.08531312571425069,0.9985969556578562,0.5089011663597299,0.02015915103797443,15.845062114853059,0.32925055396193725,2.308791472560187
0.08141602981195234,1.0527966202142303,0.5089011663597299,0.021088371934062867,16.511054285381846,0.3584173909789736,2.4887021269195695
0.07751557494178293,1.1131469320682714,0.5089011663597299,0.022079624173786477,17.2350222586079,0.39118366107860675,2.690334786209473
0.0736114857876885,1.1806989031571573,0.5089011663597299,0.023139041842330822,18.024494319464374,0.4281399454470607,2.9171090298199895
0.0697034611515146,1.2566551156422618,0.5089011663597299,0.02427352453447768,18.888279077143682,0.4699990419622043,3.1730624754110583
0.06579117241958016,1.3425715212167424,0.5089011663597299,0.025490836494579526,19.83671691299304,0.517622070407134,3.46306388074021
0.06187426245743895,1.440227593153415,0.5089011663597299,0.026799714405995476,20.881988667232005,0.5720580051754909,3.7928878441242095
0.057952343997774554,1.5518578842311275,0.5089011663597299,0.028209995718746637,22.03856353466148,0.6345925491686794,4.169464769386618
0.0540250024525016,1.6800511263685045,0.5089011663597299,0.02973270829589866,23.323563910364015,0.7068019474687934,4.601056664184056
0.050091796996516565,1.827965191712711,0.5089011663597299,0.03138018980777461,24.757437500466107,0.7906387573175093,5.097536982778649
0.0461522683627207,1.999175022028632,0.5089011663597299,0.03316613550459237,26.36453623321957,0.8885190298645603,5.670567418559344
0.04220594838746071,2.197878265711973,0.5089011663597299,0.03510561040999328,28.173983460147397,1.0034518070832223,6.33388856399293
0.03825237918745498,2.428517634700634,0.5089011663597299,0.037214917531602616,30.220460926456415,1.1391828819576275,7.103310074123884
0.03429114059367361,2.6956144472071335,0.5089011663597299,0.03951129038053751,32.54509539191146,1.3003716811092507,7.996633342522378
0.0303218884960586,3.003217777191747,0.5089011663597299,0.04201231355029875,35.19636270082889,1.4928000548984939,9.033001139177875
0.026344410889978295,3.3541562283556035,0.5089011663597299,0.04473491529051091,38.23048401422968,1.7235756252229881,10.231535098358984
0.022358697938654207,3.748481307271331,0.5089011663597299,0.04769385882138491,41.71124272786795,2.0013209118538025,11.608985515776377
0.018365023963485105,4.182520552414782,0.5089011663597299,0.05089967224785428,45.70857622503797,2.336267879283698,13.1757364945152
0.01436402874713931,4.646965973960298,0.5089011663597299,0.054356136681013544,50.29544363297494,2.7401683191459187,14.930627008185741
0.010356780403480894,5.126568731027271,0.5089011663597299,0.058057682632031225,55.54212416474274,3.225891354798855,16.854900849332903
0.006344785027163483,5.600210922895386,0.5089011663597299,0.061987427630098235,61.50849681114643,3.8065845658609017,18.907156458989444
0.002329924149501011,6.043067712345035,0.5089011663597299,0.06611658503794517,68.23449463171862,4.49434727476177,21.021772037761306
0.39,1.0,0.5089011663597299,0.0,20.0,0.0,1.0
0.37056590583859994,0.22672978779817377,0.5089011663597299,9.022690679932607e-05,4.178394739774301,0.0004239145000398256,0.224937670363328
0.3511316524003338,0.22032462883067772,0.5089011663597299,0.00019018542021051135,4.38271626498937,0.0009322325454774213,0.24313248073462934
0.3316972060670468,0.22779484755993024,0.5089011663597299,0.0003015243917308492,4.610648218465185,0.001546425719025432,0.2652694123294302
0.31226252476034927,0.24053357463356165,0.5089011663597299,0.0004262852431849583,4.866535970761949,0.0022949542208566915,0.290939205519505
0.29282755526237747,0.2608000971069472,0.5089011663597299,0.0005670256114103162,5.15585678755695,0.003216137773580679,0.32099892899171056
0.27339222947240355,0.2839958635292662,0.5089011663597299,0.0007269926197492316,5.485612247777961,0.004362448258265788,0.3566774146007474
0.2539564590768806,0.31091939349693765,0.5089011663597299,0.0009103705366307084,5.864895159574191,0.005807154618019399,0.39964494946187523
0.23452012779821285,0.34250345293432277,0.5089011663597299,0.0011226426659951883,6.305727987784898,0.007654835567907843,0.45232955414632164
0.2150830798503984,0.3801357935555427,0.5089011663597299,0.0013711335150755025,6.824336626752626,0.01005857097050332,0.5183248882163191
0.19564510227556126,0.4258075093148235,0.5089011663597299,0.0016658443129029929,7.443145219766196,0.013249061407509036,0.6031383919190242
0.1762058970765421,0.48264816639629016,0.5089011663597299,0.002020782802540124,8.194011976365186,0.01758604033983994,0.7154987491823818
0.156765035686749,0.555718512136464,0.5089011663597299,0.002456159400807758,9.123695442554554,0.023653443323442148,0.8696734772357181
0.13732188154525646,0.6535969480147776,0.5089011663597299,0.003002172353766776,10.303542671789303,0.03244594649913352,1.0897731772162453
0.11787545234844181,0.7924874091503535,0.5089011663597299,0.003705858212579565,11.847634872339086,0.04575964219815953,1.4182157848730557
0.09842416229191009,1.004947090219371,0.5089011663597299,0.004644203818549064,13.949125719752466,0.06707962574234386,1.9339943217291735
0.07896531419266087,1.3650703461373284,0.5089011663597299,0.005950807578712816,16.958789733003695,0.10380160134026858,2.79605532990433
0.059494059003651775,2.054561652009655,0.5089011663597299,0.007873182030258982,21.5697889853441,0.17347027588098596,4.353892254846395
0.040001330104901416,3.515801044883026,0.5089011663597299,0.010896888544786749,29.283914887232704,0.32357960970417043,7.429077710776324
0.020471189189753942,6.520891755922633,0.5089011663597299,0.015954716837172245,43.53253093531375,0.6988076664774566,13.796642946512744
0.000887644208845252,10.86163118952728,0.5089011663597299,0.02426378976275392,70.83050899764682,1.715680741814423,24.833696516932925
0.11787545234844181,0.7924874091503535,0.5089011663597299,0.003705858212579565,11.847634872339086,0.04575964219815953,1.4182157848730557
0.11398564903147992,0.8275855582994865,0.5089011663597299,0.00387153336518419,12.215109501574617,0.04922447694415194,1.502862253946857
0.11009563798623126,0.8658288001249708,0.5089011663597299,0.0040472395875238475,12.606493693166557,0.05303841019043824,1.5956613216667324
0.10620540069141218,0.9078645392715744,0.5089011663597299,0.004233886568789456,13.024131425503873,0.057247880388179774,1.69763071181744
0.10231491649031929,0.9540208466448358,0.5089011663597299,0.004432493226463776,13.470673154517725,0.0619071110843841,1.809952320908459
0.09842416229191009,1.004947090219371,0.5089011663597299,0.004644203818549064,13.949125719752466,0.06707962574234386,1.9339943217291735
0.09453311222562347,1.0615807527342476,0.5089011663597299,0.004870306749846761,14.462911283717101,0.07284017629534877,2.0713435227375947
0.09064173723659717,1.1247044336544783,0.5089011663597299,0.005112256812130919,15.015939980708875,0.07927706792442801,2.223849531368608
0.08675000462717479,1.1953940063712971,0.5089011663597299,0.005371700822790507,15.612692120616986,0.08649529698380488,2.3936926825261575
0.08285787751090988,1.2750163098424376,0.5089011663597299,0.00565050839682477,16.25832388031549,0.09462006320618324,2.5834239645147927
0.07896531419266087,1.3650703461373284,0.5089011663597299,0.005950807578712816,16.958789733003695,0.10380160134026858,2.79605532990433
0.07507226744884626,1.4675387424350064,0.5089011663597299,0.00627502690816471,17.720992939080794,0.11422106255234307,3.0351530936683786
0.07117868370236677,1.5846376666058306,0.5089011663597299,0.006625944671947276,18.55296800570153,0.12609808464210034,3.304948745659352
0.06728450209269923,1.7192101028502857,0.5089011663597299,0.007006745958098778,19.46409934276359,0.1397004140716911,3.6104776565913865
0.06338965342315844,1.8745091495041006,0.5089011663597299,0.0074210891414652575,20.465390468265127,0.15535627212964576,3.957740733976185
0.059494059003651775,2.054561652009655,0.5089011663597299,0.007873182030258982,21.5697889853441,0.17347027588098596,4.353892254846395
0.055597629375377794,2.2639946768052583,0.5089011663597299,0.008367868840523244,22.792597398674115,0.19454434608845497,4.80750738332979
0.051700263220302335,2.508248621118751,0.5089011663597299,0.008910717444273233,24.151880565256686,0.21920320188827236,5.328710187008348
0.04780184598878059,2.793562793525481,0.5089011663597299,0.009508126164687462,25.66910575891561,0.24822966336546626,5.929557747155785
0.0439022492026317,3.1269424398967143,0.5089011663597299,0.01016741129812592,27.36972304203187,0.2826080019246667,6.624210279448982
0.040001330104901416,3.515801044883026,0.5089011663597299,0.010896888544786749,29.283914887232704,0.32357960970417043,7.429077710776324
0.03609893249757914,3.9678223857105164,0.5089011663597299,0.011705909924176852,31.44734693386823,0.37271301437274906,8.36280287260777
0.032194889272972635,4.490187972027517,0.5089011663597299,0.012604828875737915,33.90190775990949,0.4319889816479503,9.445876752704967
0.02828902773949498,5.088652227097909,0.5089011663597299,0.013604836078036545,36.69621912996898,0.503900193179887,10.699659279736146
0.024381178478276415,5.766123989245462,0.5089011663597299,0.014717613193246043,39.885825649623996,0.5915601300897118,12.144501815604078
0.020471189189753942,6.520891755922633,0.5089011663597299,0.015954716837172245,43.53253093531375,0.6988076664774566,13.796642946512744
0.016558943897679958,7.344554106131289,0.5089011663597299,0.017326646012877898,47.70242196354271,0.8302824210382236,15.663693103587198
0.01264438644276277,8.22024533732614,0.5089011663597299,0.01884160550504992,52.46216859349667,0.9914266538110263,17.738885270311194
0.008727544112033829,9.12200082760193,0.5089011663597299,0.020504117600278073,57.87386930396779,1.1883809845761806,19.996324239496527
0.004808548862988843,10.015505416102334,0.5089011663597299,0.02231365767347075,63.98688509071031,1.4276661442787535,22.385787333090768
0.000887644208845252,10.86163118952728,0.5089011663597299,0.02426378976275392,70.83050899764682,1.715680741814423,24.833696516932925
