shrinking_speed_steady_state,velocity_decay_timescale,equilibrium_density,P0_end_fit,lengthscale_density_end_fit,accumulation_end_fit,accumulation_timescale
0.3,1.0,0.04477611940298507,-2.5715857794995016e-14,25.615389297075723,-1.5686573600416194e-08,3444492.8192631267
0.2979917891324741,0.9418215099893016,0.04477611940298507,0.002005191246402078,37.61107904367105,0.07635714568040376,1.8907430882852139
0.29580456405743416,0.9882706281149961,0.04477611940298507,0.004199361605379194,37.876199340798436,0.16102089454548255,1.9600926168961874
0.2934131758690859,1.0408203409377372,0.04477611940298507,0.006610689653093151,38.17033754147498,0.2554202637426599,2.0377586671587236
0.29078751607627884,1.1007058271384431,0.04477611940298507,0.009273274923044956,38.498520289976916,0.36133040661674476,2.1252965308113576
0.28789122221177926,1.1693763079398591,0.04477611940298507,0.012228806905410432,38.867145870682116,0.4809848582870755,2.2246907113268404
0.2846799683904846,1.248800784447395,0.04477611940298507,0.015528766512483107,39.2840833573423,0.6172305598280253,2.33846754222566
0.28109914164598754,1.3414946460663977,0.04477611940298507,0.0192375448195353,39.75956154491459,0.7737570491638321,2.469959078891497
0.27708066790067715,1.4507755523539774,0.04477611940298507,0.023436758762007247,40.30688034618891,0.9554262454707096,2.623556700503187
0.27253857866012327,1.5810807968416485,0.04477611940298507,0.028231460623555953,40.94369412959714,1.168778471872809,2.805251234332833
0.2673627002344768,1.7384378566221625,0.04477611940298507,0.03375925485774356,41.69396725322877,1.4228165556968604,3.023375715819325
0.2614094818144253,1.931277974716067,0.04477611940298507,0.040204026440883237,42.59104001310488,1.7302739027664136,3.289883381023269
0.25448831980660724,2.171643828341497,0.04477611940298507,0.04781730582097662,43.68273227891711,2.10974002389072,3.6224336902837635
0.2463406665598018,2.47737165688984,0.04477611940298507,0.05695260031090742,45.0400497031661,2.589407778506566,4.048234686375589
0.236607180558808,2.8758446103611393,0.04477611940298507,0.06812291243129844,46.77302755698448,3.214035236543766,4.61117518667887
0.22477478098345036,3.4112882343855957,0.04477611940298507,0.0821013623796944,49.06117384261675,4.058775808170856,5.386166865245405
0.21009003617494165,4.158807839529252,0.04477611940298507,0.1001057686378111,52.21630394231734,5.258845004641477,6.509817505238804
0.19142192392938048,5.252288077092272,0.04477611940298507,0.12415042786973807,56.82195165683494,7.07892957570803,8.250449233741502
0.16709339985816926,6.929896470453388,0.04477611940298507,0.15770602850540738,64.05827519455593,10.089002284404739,11.168235494002891
0.135033942322225,9.510047449289651,0.04477611940298507,0.20657841226723087,76.3759268951594,15.602959237485026,16.366411153798364
0.09513907230063472,12.680004744307535,0.04477611940298507,0.2770824751052878,97.62975615052949,26.270427213385283,24.769878224924042
0.3,1.0,0.04477611940298507,-2.5715857794995016e-14,25.615389297075723,-1.5686573600416194e-08,3444492.8192631267
0.29627286454161206,0.9502987705704786,0.04477611940298507,0.0017397202976488964,37.819126445320606,0.0666082823613585,1.9001797380214978
0.2922828933066639,0.9941324958377402,0.04477611940298507,0.0036254868423495133,38.31094327372381,0.14058463544689898,1.9802390327619057
0.2879996390514391,1.04345574930056,0.04477611940298507,0.00567705143450392,38.853223781716814,0.22320391708995363,2.0701210039600353
0.2833876278879038,1.0992893167948325,0.04477611940298507,0.007917990926743532,39.45438298418539,0.3160499723083158,2.171694785632828
0.2784052498572814,1.1629403331393724,0.04477611940298507,0.010376701016768046,40.124834111489626,0.4211144282720005,2.2873342756131896
0.2730033351764308,1.2361213482419067,0.04477611940298507,0.01308772354583888,40.87763138512413,0.5409349033771763,2.4200804123625974
0.26712330826160124,1.3210284977146598,0.04477611940298507,0.01609354237941001,41.72933673842527,0.6787958592070777,2.573923777661063
0.26069476643657197,1.4205741079755876,0.04477611940298507,0.01944705338591466,42.701284235633096,0.8390170805302329,2.7541240981362862
0.2536322295792776,1.5386879273152747,0.04477611940298507,0.02321508119615564,43.821581459380894,1.0273921251634055,2.9678521936280546
0.24583080519808698,1.6806818137298718,0.04477611940298507,0.027483336597192615,45.12772534688624,1.251863233550431,3.2249852833890156
0.2371601910007557,1.854048466621879,0.04477611940298507,0.03236381274686899,46.67111751952781,1.5235929656448601,3.539592523650799
0.22745639220102365,2.0694176160116533,0.04477611940298507,0.038005885633240886,48.523957771689616,1.8587303270444622,3.932199867010333
0.21651009043640215,2.3424657651879888,0.04477611940298507,0.044613612309520524,50.790753250959696,2.2814398871658197,4.433801508659975
0.20405035418896342,2.6968287549037995,0.04477611940298507,0.052473460424519676,53.62795698419255,2.829315741578036,5.092840260291923
0.18972242457308053,3.1690100990996606,0.04477611940298507,0.06200013994579306,57.27874480010631,3.56353940235765,5.988040970241437
0.17306057675408945,3.816701587293286,0.04477611940298507,0.07381403273271332,62.13614824345965,4.588820950530365,7.251979137558227
0.15346895017988277,4.728931202390239,0.04477611940298507,0.08887041870746351,68.85620780303562,6.093830684947015,9.112387168927166
0.13027130590286845,6.0250311447069596,0.04477611940298507,0.10864720673134745,78.5345468700188,8.431094150416621,11.944180948057184
0.10304098542922839,7.767979886859795,0.04477611940298507,0.13523560353514247,92.8182906043307,12.24151599834264,16.216571406765297
0.07256919810190313,9.649111991702918,0.04477611940298507,0.1705084019029747,113.2848471641246,18.46049864882626,21.900676125096247
0.3,1.0,0.04477611940298507,-2.5715857794995016e-14,25.615389297075723,-1.5686573600416194e-08,3444492.8192631267
0.294795070172412,0.960106123478918,0.04477611940298507,0.0015115288268428262,37.99981196372887,0.05814348034629033,1.9091348503699053
0.2892986591606857,1.0028830164115954,0.04477611940298507,0.003139368517165433,38.687161374565406,0.12290967204066904,1.9992979482169737
0.28348163747020466,1.0509549697305909,0.04477611940298507,0.004898316275944388,39.441945468775955,0.19545461834574676,2.100672270671921
0.27731061486643976,1.1051811898721104,0.04477611940298507,0.006805914107389213,40.275160118411854,0.27721435896418617,2.2153932980320286
0.2707470892640747,1.1668231681488417,0.04477611940298507,0.008883138659990113,41.20035289076037,0.3699944700884646,2.346173636119846
0.2637463752059745,1.2374976462799627,0.04477611940298507,0.011155316213667173,42.23442192586801,0.47609441091646965,2.4964927063515
0.2562562436806333,1.3192717956143192,0.04477611940298507,0.01365335107211989,43.39869823433313,0.598486705564493,2.6708880646132775
0.24821517627047282,1.414903398948929,0.04477611940298507,0.016415405489403796,44.72051644508464,0.7410735208652501,2.8753187793613724
0.2395500795424031,1.5280495293865046,0.04477611940298507,0.019489265523909727,46.235586315889066,0.9090730122691576,3.117828237273296
0.2301733625756377,1.6637450900405535,0.04477611940298507,0.022935614360551353,47.99105878490057,1.1096091972888376,3.4094795485941938
0.2199789916498696,1.8289956557122211,0.04477611940298507,0.026832910418777386,50.05084930406506,1.3526280986143706,3.76571205896811
0.20883736151320767,2.033712289568129,0.04477611940298507,0.03128453364426056,52.50331065263985,1.6523889301033259,4.208757945950439
0.1965885840202237,2.2923160352674152,0.04477611940298507,0.03642970394438069,55.47358312403299,2.0299398989928084,4.7712225837202595
0.18303410410748977,2.6259710046641165,0.04477611940298507,0.04246049022468967,59.143433958468904,2.517378118802681,5.502292156846113
0.16792749222510153,3.0663560417370084,0.04477611940298507,0.04964879106637216,63.78336292214893,3.165408366511059,6.4777090437336176
0.15096869778238112,3.6598912322336705,0.04477611940298507,0.05838905381747685,69.80325104553037,4.05697712356399,7.8151332984851045
0.1318167309629632,4.46991328425477,0.04477611940298507,0.0692618944787928,77.82400324739795,5.331570675899515,9.69313015015849
0.11016455892658092,5.561562809321872,0.04477611940298507,0.08310490402198667,88.742679897256,7.224046253718116,12.352054436399628
0.08597020313408095,6.92656435025644,0.04477611940298507,0.1009840439774543,103.65767975265088,10.103503427531496,15.991863617120032
0.05989107757889714,8.323622733463436,0.04477611940298507,0.12374134310431484,123.36375003970743,14.427822921915745,20.422182417810255
0.3,1.0,0.04477611940298507,-2.5715857794995016e-14,25.615389297075723,-1.5686573600416194e-08,3444492.8192631267
0.2935201972608591,0.9709034784953999,0.04477611940298507,0.0013147010679033534,38.15707726921497,0.050777857322161744,1.9175582421941224
0.28675151039981206,1.0138585443382073,0.04477611940298507,0.0027245801512015898,39.014029874358314,0.10755633482557977,2.017233835818497
0.27966786791753806,1.062044484779492,0.04477611940298507,0.004241301857955663,39.95280895903835,0.17139255509763252,2.129419715487043
0.2722396837991369,1.1163177225608103,0.04477611940298507,0.005878627512250542,40.986296342682856,0.2435987071080202,2.256461430242899
0.2644331906984741,1.17792501341937,0.04477611940298507,0.007652959751623656,42.130719603120994,0.32582539304586483,2.4013902077567373
0.2562096222002369,1.2484645016620306,0.04477611940298507,0.009584018544654632,43.406142309425974,0.42017341340070297,2.5680645696406197
0.24752418282371833,1.3299566492462147,0.04477611940298507,0.011695764548008724,44.8378091242572,0.5293537897480182,2.761465660683239
0.23832475010011023,1.4251258696730607,0.04477611940298507,0.014017649182472466,46.4578959407751,0.6569196106798385,2.98816241146044
0.22855021915297177,1.5375454133227746,0.04477611940298507,0.016586351990774722,48.30805805367888,0.8076093366076943,3.2568812571405434
0.21812841091188745,1.6721477482367637,0.04477611940298507,0.019448207207035165,50.4429988210266,0.9878588032942607,3.5794976393766325
0.20697338608923085,1.835683700634613,0.04477611940298507,0.02266272449299146,52.93591581043606,1.2065994446115553,3.9723765197619856
0.19498211217215197,2.037712899714486,0.04477611940298507,0.026307718302426265,55.88643518287525,1.4765166903609062,4.4585565481127
0.1820304114281628,2.291835264337964,0.04477611940298507,0.030487035635755243,59.43279980531852,1.8160880368921288,5.071009342220754
0.1679687019943273,2.617666180328709,0.04477611940298507,0.0353422243514909,63.76983353146982,2.2529584122816746,5.857489924472127
0.1526188330222448,3.0431728759279504,0.04477611940298507,0.04107050432218902,69.17578687896983,2.829620824540541,6.887831334613614
0.13577678754640451,3.607084832963883,0.04477611940298507,0.04795142093540269,76.04829303097512,3.6128979524808367,8.262603279317535
0.11723329467959036,4.3562304535050025,0.04477611940298507,0.056382063590803284,84.942540648696,4.709013089928502,10.118434205239623
0.09683976177437847,5.32650531060075,0.04477611940298507,0.06690430161512875,96.57757932543672,6.283484327476433,12.609071073892615
0.07465995437901074,6.484639292736969,0.04477611940298507,0.080154884940811,111.72114105340638,8.572405599054582,15.811709673016221
0.05119053297061977,7.636245874573482,0.04477611940298507,0.09659316311527229,130.8386863445394,11.841940870961091,19.51831410617195
