shrinking_speed_steady_state,velocity_decay_timescale,equilibrium_density,P0_end_fit,lengthscale_density_end_fit,accumulation_end_fit,accumulation_timescale
0.39,1.0,0.007444168734491316,-2.4527487633802766e-15,22.540741884235974,-4.1233241944607345e-06,3812756.81225494
0.3898473357077459,0.6437835078895964,0.007444168734491316,0.00038476968831358677,29.07485858957942,0.011376090767425403,1.1572360028694224
0.3896780297611157,0.6716708595431446,0.007444168734491316,0.0008114791774809199,29.087040887091298,0.024002179867228822,1.1920646628535523
0.3894892044606646,0.7031691180341685,0.007444168734491316,0.0012873801625420272,29.10063985312189,0.03809625762371514,1.2310721536601539
0.38927727812375545,0.7394257389024571,0.007444168734491316,0.0018214981167814163,29.115913867593424,0.05393010378365379,1.2750412487797307
0.3890377366504777,0.7812239283437816,0.007444168734491316,0.0024252026594736493,29.133059600692487,0.07184696362607679,1.324944928949843
0.3887648040448128,0.8298494863263557,0.007444168734491316,0.003113064665710067,29.15292966302267,0.09228688315872949,1.3820369905632224
0.38845098010466983,0.887120367318668,0.007444168734491316,0.0039039661871335717,29.17564140575962,0.11582291345221811,1.4479301676998948
0.38808633156091027,0.9553526210056658,0.007444168734491316,0.004822941422736153,29.202076190970914,0.14321604831682952,1.524774498747182
0.38765742681955623,1.0377771053321323,0.007444168734491316,0.005903832530755718,29.233230986131346,0.17549876918551438,1.6154792730932832
0.38714564571795396,1.1389344606130476,0.007444168734491316,0.00719355289105641,29.270493471835177,0.2141080581160528,1.7240896727610502
0.3865244072582803,1.2653147299911427,0.007444168734491316,0.008759069981873487,29.315854250379367,0.2611048582363104,1.856403806519076
0.38575440808537953,1.4265396229921252,0.007444168734491316,0.010699397931053319,29.372273937359637,0.31955382362185175,2.0210472505429116
0.38477498128550863,1.6373159916570126,0.007444168734491316,0.013167359531772392,29.444355679322584,0.39421869616098676,2.231440861423456
0.38348731137358477,1.9213219132007362,0.007444168734491316,0.016411852573197966,29.539666618443867,0.4929280602477186,2.509686605250561
0.3817188945906582,2.31927294654291,0.007444168734491316,0.020867328419858378,29.6715786825907,0.6295101444183878,2.8949552902800475
0.3791392553594499,2.9083130336969916,0.007444168734491316,0.027365946989853444,29.866143260659705,0.8308892138594726,3.4638882375323274
0.37502611815590653,3.8571249490838495,0.007444168734491316,0.03772597050033934,30.18173700548633,1.1573436657965839,4.389367741539394
0.36744536988073373,5.626861468393028,0.007444168734491316,0.05681415026383854,30.781322541654458,1.7768885473475835,6.158848341812967
0.348962324474939,10.094101309064564,0.007444168734491316,0.10331917523844716,32.348664604017856,3.3920874032254322,10.848141733800672
0.2573320265493281,33.888006923035384,0.007444168734491316,0.3327674555427979,43.24288029731329,14.641629295264435,42.82550646599374
0.38348731137358477,1.9213219132007362,0.007444168734491316,0.016411852573197966,29.539666618443867,0.4929280602477186,2.509686605250561
0.3831795774971943,1.990040410079787,0.007444168734491316,0.017187207479352963,29.56253662279938,0.5166104989233459,2.576464884044138
0.3828511806218803,2.0636566460700423,0.007444168734491316,0.018014611058265444,29.586981552254816,0.5419225686755192,2.6478503276983854
0.38249996929824714,2.1426667237942607,0.007444168734491316,0.01889948123839054,29.61316980348268,0.56903830325788,2.724329609077352
0.38212348299966176,2.227655402081581,0.007444168734491316,0.019848014046029625,29.64129457503792,0.5981574186361164,2.8064829553618353
0.3817188945906582,2.31927294654291,0.007444168734491316,0.020867328419858378,29.6715786825907,0.6295101444183878,2.8949552902800475
0.38128293950316455,2.4182851930438494,0.007444168734491316,0.021965644441139014,29.704280436802293,0.6633634849567006,2.990513605744775
0.38081182783874984,2.52557189736879,0.007444168734491316,0.023152504531321203,29.73970101540526,0.7000285717073574,3.094043667185056
0.3803011344366177,2.642159377201976,0.007444168734491316,0.02443905006907579,29.778193719971366,0.7398703795321627,3.2065868638286195
0.37974566017821737,2.7692624055998163,0.007444168734491316,0.02583837035622271,29.82017574041624,0.7833198151299264,3.3293790336966413
0.3791392553594499,2.9083130336969916,0.007444168734491316,0.027365946989853444,29.866143260659705,0.8308892138594726,3.4638882375323274
0.3784745924975181,3.0610218766818016,0.007444168734491316,0.029040225387200986,29.91669103888104,0.8831927828967908,3.611878585848095
0.3777428710620689,3.2294485793577477,0.007444168734491316,0.030883357370266207,29.97253794769093,0.9409724700040897,3.775483298042119
0.37693342717496714,3.4160998533484954,0.007444168734491316,0.032922183590551574,30.03456228995255,1.0051341162501228,3.9573165481598034
0.3760332186189837,3.6240506404634862,0.007444168734491316,0.03518952658376792,30.103845051797993,1.0767937695860443,4.160600845916781
0.37502611815590653,3.8571249490838495,0.007444168734491316,0.03772597050033934,30.18173700548633,1.1573436657965839,4.389367741539394
0.37389195437574574,4.1201496743649395,0.007444168734491316,0.040582269752422295,30.269943136620064,1.248541908813608,4.648731998999548
0.37260516094568363,4.4192603342467836,0.007444168734491316,0.0438227454625047,30.370649424965638,1.3526410521672396,4.945244713745976
0.3711328529576548,4.762442816168258,0.007444168734491316,0.047530119721455585,30.486704353046918,1.4725747870243027,5.287480632892201
0.3694320268725509,5.1602383953076005,0.007444168734491316,0.05181254898157029,30.62188733909149,1.612233326440175,5.6868461007273385
0.36744536988073373,5.626861468393028,0.007444168734491316,0.05681415026383854,30.781322541654458,1.7768885473475835,6.158848341812967
0.3650948289214671,6.181931843113468,0.007444168734491316,0.06273114619731475,30.97212900243858,1.9738581180470658,6.725095869002352
0.36227140538841507,6.853318713499565,0.007444168734491316,0.06983747652079018,31.204488009816462,2.2135976327245466,7.416617268320332
0.3588183759366694,7.681773483199652,0.007444168734491316,0.07852688278422533,31.493466426731786,2.511563218292104,8.27943470643825
0.35450251254166437,8.72926434775693,0.007444168734491316,0.08938504333852133,31.862299271645178,2.8915531647439243,9.384738129467001
0.348962324474939,10.094101309064564,0.007444168734491316,0.10331917523844716,32.348664604017856,3.3920874032254322,10.848141733800672
0.34160982763030384,11.940258934183824,0.007444168734491316,0.1218036726536968,33.01759760063769,4.079480068292045,12.868937560964428
0.33143355778547506,14.556156175120341,0.007444168734491316,0.1473716446351284,33.99049708480802,5.077070770816995,15.816192414532875
0.31658986989902627,18.470166362888875,0.007444168734491316,0.18463050704432815,35.516897100794715,6.637479580813583,20.431298523940676
0.2936417860429407,24.606425520537826,0.007444168734491316,0.24213050881467518,38.16395431858492,9.339802648976855,28.312413314542166
0.2573320265493281,33.888006923035384,0.007444168734491316,0.3327674555427979,43.24288029731329,14.641629295264435,42.82550646599374
0.39,1.0,0.007444168734491316,-2.4527487633802766e-15,22.540741884235974,-4.1233241944607345e-06,3812756.81225494
0.3896962325764969,0.6503429787887651,0.007444168734491316,0.00038176319834638535,29.08573052441143,0.01129134825736421,1.1575880058427455
0.38936028498224445,0.6781784352464504,0.007444168734491316,0.0008048060797478552,29.109931915207998,0.0238231906975653,1.1928203172174479
0.3889866618291618,0.7099131746572138,0.007444168734491316,0.001276205747962565,29.136895073857794,0.03781176412709137,1.2322894747533852
0.3885685411644794,0.7461174940508611,0.007444168734491316,0.0018047548783134927,29.167129220093436,0.05352662177855382,1.276792611565119
0.38809734865968026,0.7878515512252057,0.007444168734491316,0.0024015145901016364,29.201267039552054,0.07130819253546547,1.3273226512991696
0.3875621558719972,0.8363777197484723,0.007444168734491316,0.0030805986833754573,29.24016037426452,0.09159263458050813,1.3851477965617027
0.3869488143484363,0.8934089119020577,0.007444168734491316,0.0038602990202006547,29.28485013850205,0.11494816026344751,1.451920730327469
0.3862386741835064,0.961248675226244,0.007444168734491316,0.004764761131371979,29.336765108309226,0.14212891978700964,1.5298323102148457
0.38540664070894876,1.043054762623237,0.007444168734491316,0.005826524828646947,29.397827443917024,0.17415787163442098,1.6218519011430543
0.38441812846894924,1.1432622761331854,0.007444168734491316,0.007090518750508668,29.470707196946947,0.21245820902956372,1.732114898869546
0.3832241085617993,1.2682068593613778,0.007444168734491316,0.008620573560351947,29.559224979758206,0.25907017196328397,1.8665563699356464
0.38175269557812636,1.4272540440048713,0.007444168734491316,0.010510524268814785,29.669046166409963,0.31702571098328775,2.0340110255618598
0.37989408450748896,1.6347620973612698,0.007444168734491316,0.01290417273536662,29.808946452592238,0.391034054612172,2.2482568598127672
0.3774717843776533,1.9138073171207282,0.007444168734491316,0.016033613260518064,29.993281578897708,0.4888252141243012,2.5320098575650563
0.37418303490147115,2.3040471752494738,0.007444168734491316,0.02029916444423162,30.247255632302284,0.6240294837246205,2.925606452857009
0.36946165850117707,2.880327037708121,0.007444168734491316,0.02645507499541767,30.61952188141637,0.8231143126010871,3.508114712642066
0.3621136747291512,3.8049605894304945,0.007444168734491316,0.03610959455534376,31.21757214423904,1.1450519542889739,4.4581171665999975
0.3491255381371006,5.513092205949128,0.007444168734491316,0.053396093222516865,32.33412361295758,1.7525805576554356,6.278351064634762
0.3202435033750604,9.67999928236891,0.007444168734491316,0.09290251930600274,35.12876336008651,3.3065862645833444,11.072642186501053
0.2196468752504885,26.88045353185684,0.007444168734491316,0.24457975758572556,50.15032187589787,12.374958103930556,38.71035191655453
0.3774717843776533,1.9138073171207282,0.007444168734491316,0.016033613260518064,29.993281578897708,0.4888252141243012,2.5320098575650563
0.3768963722793987,1.9812568900101575,0.007444168734491316,0.016778566128173952,30.03740776002597,0.512278078834614,2.6001750245433963
0.3762837823445876,2.0534764781806825,0.007444168734491316,0.017572293391840556,30.084528641688944,0.5373405726692823,2.6730678009460336
0.37563028877436433,2.1309636054379832,0.007444168734491316,0.018419742806155468,30.13496115468672,0.5641840830150961,2.7511997910850723
0.3749316552126416,2.214272925819899,0.007444168734491316,0.019326547303964294,30.1890637299013,0.5930048463335548,2.8351523882159873
0.37418303490147115,2.3040471752494738,0.007444168734491316,0.02029916444423162,30.247255632302284,0.6240294837246205,2.925606452857009
0.37337886662527225,2.4010228526220456,0.007444168734491316,0.021345015431654554,30.310017409013284,0.6575201660473337,3.0233448986637574
0.37251273352176095,2.506052329919922,0.007444168734491316,0.022472680048527004,30.377908883469853,0.6937823783591952,3.1292848388786965
0.3715771929188821,2.6201320551928933,0.007444168734491316,0.023692130413686802,30.451585286606107,0.733174090374907,3.2445029482238255
0.3705635637122591,2.7444313102807296,0.007444168734491316,0.025015024131065985,30.531818090772873,0.7761176217876156,3.3702749302203943
0.36946165850117707,2.880327037708121,0.007444168734491316,0.02645507499541767,30.61952188141637,0.8231143126010871,3.508114712642066
0.3682594425841395,3.029469679080632,0.007444168734491316,0.028028526939465375,30.715789494654334,0.8747646227964359,3.659849343483494
0.366942598948675,3.193826673542806,0.007444168734491316,0.02975476060493408,30.821936319723022,0.9317931333530874,3.827681536891211
0.3654939591531247,3.3757916537163917,0.007444168734491316,0.03165709186679729,30.939561990619108,0.9950823173832419,4.014309666407591
0.3638927636775269,3.578294427776306,0.007444168734491316,0.03376381348605927,31.070628926557756,1.0657181709521204,4.223066623030364
0.3621136747291512,3.8049605894304945,0.007444168734491316,0.03610959455534376,31.21757214423904,1.1450519542889739,4.4581171665999975
0.3601254496354887,4.060326411917581,0.007444168734491316,0.03873737280664062,31.38344961065103,1.23478560088029,4.724726785791936
0.35788912782001336,4.350155989062371,0.007444168734491316,0.04170095975530836,31.57215398593014,1.3370935639191681,5.0296614058506774
0.35535551411204935,4.681867052433641,0.007444168734491316,0.045068686876562035,31.788716052765075,1.4547968903174422,5.381743525908904
0.35246162099407,5.065192879373869,0.007444168734491316,0.04892860931128955,32.03974997886,1.591619789734933,5.792683470866095
0.3491255381371006,5.513092205949128,0.007444168734491316,0.053396093222516865,32.33412361295758,1.7525805576554356,6.278351064634762
0.3452388794291022,6.043245517155055,0.007444168734491316,0.05862513172675943,32.68399506260636,1.9445982420356955,6.8607834996349135
0.34065538334332723,6.680296346150363,0.007444168734491316,0.06482569210434957,33.106472779988,2.1774702257881495,7.571376978087779
0.33517330058424344,7.459539376936576,0.007444168734491316,0.07229103454006855,33.62637022779106,2.465511866957275,8.45631338801918
0.32850741124604477,8.433031416131103,0.007444168734491316,0.08144217132591795,34.280978837722216,2.8304256715480207,9.586040562627556
0.3202435033750604,9.67999928236891,0.007444168734491316,0.09290251930600274,35.12876336008651,3.3065862645833444,11.072642186501053
0.30976301168810105,11.32463493362026,0.007444168734491316,0.10762707128417885,36.26608533485016,3.9513574215024176,13.1032168392161
0.2961196119476522,13.565431267328355,0.007444168734491316,0.1271290237463878,37.86130585386026,4.866538283582151,16.006764003536976
0.27786136270826894,16.710362900176417,0.007444168734491316,0.15385546032685257,40.22719919481314,6.245616681861723,20.388155419303487
0.2529457357060042,21.142872992988007,0.007444168734491316,0.19158888286601572,43.96666869642386,8.480342917958717,27.362189547497053
0.2196468752504885,26.88045353185684,0.007444168734491316,0.24457975758572556,50.15032187589787,12.374958103930556,38.71035191655453
0.39,1.0,0.007444168734491316,-2.4527487633802766e-15,22.540741884235974,-4.1233241944607345e-06,3812756.81225494
0.38954665655743426,0.6570570777070955,0.007444168734491316,0.00037878711447059696,29.096500840726893,0.011207392553382533,1.1579389738028933
0.38904663230127334,0.6849189049033733,0.007444168734491316,0.0007982190212670551,29.132563878290362,0.02364623324468188,1.1935718550958712
0.38849204842747737,0.7166904185321902,0.007444168734491316,0.0012652079070600932,29.17266724231999,0.037531084658155245,1.2334978455567829
0.38787314774003795,0.7528925682782526,0.007444168734491316,0.0017883273166305518,29.21755307665091,0.053129397965076625,1.2785298996388303
0.38717769955367326,0.7945848004188615,0.007444168734491316,0.00237834299389162,29.26815330598797,0.0707788970813583,1.3296746232622338
0.3863901627586859,0.8430082179739434,0.007444168734491316,0.003048962064130433,29.32567496807295,0.09091223731198624,1.3882238164809855
0.38549048566555677,0.8998461784185845,0.007444168734491316,0.00381790887919995,29.391658430258506,0.11409293288222579,1.4558604404810083
0.38445234038300835,0.9673586523325156,0.007444168734491316,0.004708516861060653,29.4681787830899,0.1410687151837338,1.5348145849515036
0.383240462593415,1.0486418704107374,0.007444168734491316,0.005752131182402046,29.558008164398828,0.172853779471241,1.6281198388705382
0.3818065070514143,1.1480389299671316,0.007444168734491316,0.006991875906472921,29.665015461243968,0.21085838331065526,1.7399940488704244
0.3800823689705308,1.2717471695516787,0.007444168734491316,0.008488752737082349,29.794713512257164,0.2571035926024218,1.8765030840066157
0.37796894669184505,1.428927786689934,0.007444168734491316,0.010331974409315735,29.955261001179565,0.3145912203295546,2.0466873233639036
0.375316263436291,1.6336304005182212,0.007444168734491316,0.012657390855406804,30.15925490557281,0.3879804072437034,2.2646629889103935
0.37188606577067823,1.9084340414729641,0.007444168734491316,0.01568251233655157,30.42722093775301,0.4849111415862906,2.553732794240726
0.3672758203625052,2.2921019968453673,0.007444168734491316,0.01977861867655026,30.79500665519863,0.6188350218540803,2.9553460539344214
0.3607481859766155,2.8576586856360318,0.007444168734491316,0.025635433995600556,31.331304653810083,0.8158106431633553,3.5508501823443024
0.35079408164607695,3.7623970956148542,0.007444168734491316,0.034693907016404485,32.1862171023199,1.1336591780726177,4.524119060954862
0.3337825834489641,5.421788504419495,0.007444168734491316,0.05053847273000046,33.76086937755529,1.7305785452200229,6.39171097653966
0.29844612877616156,9.368200707621243,0.007444168734491316,0.08504305406401237,37.57951469799215,3.2335555362839705,11.278999326658976
0.19768068254483986,23.38450487083215,0.007444168734491316,0.19889802573154566,55.23996234922809,11.031676437124032,36.3572888061598
0.37188606577067823,1.9084340414729641,0.007444168734491316,0.01568251233655157,30.42722093775301,0.4849111415862906,2.553732794240726
0.3710755920921084,1.974790722912032,0.007444168734491316,0.01640012819958706,30.491235966647217,0.508149792828309,2.6232389637178857
0.3702145616334751,2.0458203817828076,0.007444168734491316,0.017163674899522682,30.559541439223636,0.532979888906857,2.6975853821505846
0.36929808029962824,2.1220071529046796,0.007444168734491316,0.01797770307323701,30.63258473351465,0.5595701917934913,2.7773026113886323
0.368320602759708,2.203892144799463,0.007444168734491316,0.018847383876033883,30.710877251808935,0.5881142545238079,2.862990206580958
0.3672758203625052,2.2921019968453673,0.007444168734491316,0.01977861867655026,30.79500665519863,0.6188350218540803,2.9553460539344214
0.36615652541605126,2.3873548708159924,0.007444168734491316,0.020778172480202757,30.88565162078389,0.6519905627884245,3.055178012831069
0.3649544458328696,2.490480818284652,0.007444168734491316,0.0218538372982289,30.98359992932905,0.6878812719942132,3.163428881057118
0.3636600423172717,2.602449524820285,0.007444168734491316,0.023014633638463535,31.08977095364886,0.7268589636281143,3.281208615595169
0.36226225259224926,2.7243975021198317,0.007444168734491316,0.02427106697915079,31.205247018747258,0.7693380120032228,3.4098275559455313
0.3607481859766155,2.8576586856360318,0.007444168734491316,0.025635433995600556,31.331304653810083,0.8158106431633553,3.5508501823443024
0.3591027189689692,3.0038272791010385,0.007444168734491316,0.027122234231326377,31.469467787634,0.8668649323063088,3.7061515810936987
0.3573080040195941,3.1648121686374955,0.007444168734491316,0.028748671286600438,31.621563706656502,0.9232100761186245,3.878008054414029
0.3553428185044786,3.3429156899271204,0.007444168734491316,0.03053532561381134,31.789808716290455,0.9857083600433313,4.0691905024337744
0.3531817445944135,3.540954258629377,0.007444168734491316,0.03250700827560835,31.976910965259666,1.0554195104902708,4.283134073545705
0.35079408164607695,3.7623970956148542,0.007444168734491316,0.034693907016404485,32.1862171023199,1.1336591780726177,4.524119060954862
0.3481424066655695,4.011577960440605,0.007444168734491316,0.037133121615246775,32.42191244712038,1.2220816343994787,4.797564314988271
0.3451806675741171,4.2939598197203805,0.007444168734491316,0.039870725367231095,32.689292773144025,1.3227934411431557,5.110407492029181
0.3418515441081849,4.6165600956045285,0.007444168734491316,0.04296466403283484,32.99516686308931,1.4385204015562385,5.471698115752598
0.3380828735711086,4.9884825846046486,0.007444168734491316,0.04648875449811581,33.34841975818482,1.5728465038155228,5.893404053708435
0.3337825834489641,5.421788504419495,0.007444168734491316,0.05053847273000046,33.76086937755529,1.7305785452200229,6.39171097653966
0.3288315342847645,5.932738412923418,0.007444168734491316,0.05523933947559093,34.24855712166626,1.9183053824095364,6.9889825525903175
0.3230730019880434,6.543693890139302,0.007444168734491316,0.06075960186498501,34.833812267794286,2.145287480243052,7.716885596251988
0.31629759122316486,7.286132745822623,0.007444168734491316,0.0673291771567212,35.54851671599172,2.424925854212661,8.621611488380752
0.308220230463791,8.205392019670947,0.007444168734491316,0.07526984918184025,36.43973595597833,2.7772763335531256,9.772749562908775
0.29844612877616156,9.368200707621243,0.007444168734491316,0.08504305406401237,37.57951469799215,3.2335555362839705,11.278999326658976
0.28642096149617546,10.874276837009182,0.007444168734491316,0.0973269247996329,39.08281654473834,3.844575793791067,13.316900560345974
0.27136504069165773,12.871188981044341,0.007444168734491316,0.11313751272641118,41.141512620658226,4.697269700852419,16.183537496604412
0.25222258553315674,15.559152196833596,0.007444168734491316,0.13399115341171686,44.08839683850401,5.94785900784728,20.387213576554874
0.2278040161811926,19.118479345274654,0.007444168734491316,0.1619562925032963,48.49914779799318,7.886013596620969,26.757068729317776
0.19768068254483986,23.38450487083215,0.007444168734491316,0.19889802573154566,55.23996234922809,11.031676437124032,36.3572888061598
0.39,1.0,0.007444168734491316,-2.4527487633802766e-15,22.540741884235974,-4.1233241944607345e-06,3812756.81225494
0.38939857506977005,0.6637709709512516,0.007444168734491316,0.0003758407500533178,29.10715951762224,0.01112422627254279,1.15828845898478
0.38873694540858256,0.6916878688822834,0.007444168734491316,0.0007917153442041046,29.154944374085474,0.023471260506706202,1.1943216723865326
0.3880050601244494,0.7234962964497168,0.007444168734491316,0.0012543798657723248,29.20797449647243,0.03725408466847799,1.2347009812606966
0.38719049970185715,0.7597164071368887,0.007444168734491316,0.0017722013782626037,29.267223852678086,0.05273817425332125,1.2802560277129251
0.3862777347362029,0.8013882425088329,0.007444168734491316,0.0023556682253296976,29.333904759703092,0.07025867414502054,1.3320055478897501
0.38524708772164157,0.8497368022527821,0.007444168734491316,0.0030181077985457355,29.40956621338053,0.0902449398744012,1.3912681345794435
0.3840732493116696,0.9064237060025413,0.007444168734491316,0.0037767167686429677,29.496219109445462,0.11325606084628605,1.4597525351585983
0.3827231086678554,0.9736692730630029,0.007444168734491316,0.004654075265981195,29.596525900878603,0.14003380725944162,1.5397306914743993
0.3811524980720931,1.0545187663017574,0.007444168734491316,0.0056804315112277785,29.714078576957625,0.1715839530676445,1.634290461984266
0.3793011585295269,1.1532237040854172,0.007444168734491316,0.006897259485309728,29.853856509088,0.20930482160144123,1.7477372344142044
0.37708468318007526,1.275875569881466,0.007444168734491316,0.008362996309886675,30.022952479959073,0.2551995350502368,1.8862585565700174
0.37438108299635986,1.4314563688755597,0.007444168734491316,0.010162701494687834,30.231838889197206,0.31224197786387475,2.059099491434548
0.37100727385911153,1.6337457279956844,0.007444168734491316,0.012425158313775837,30.496644389156735,0.38504485221616347,2.280690214511485
0.366675417467589,1.9048996721240536,0.007444168734491316,0.015355089994824484,30.84356309020061,0.48116529854488405,2.574900721964048
0.36090568111987964,2.282938063183001,0.007444168734491316,0.01929874612237091,31.31814435028986,0.6138913686330162,2.9842297648933873
0.35283479906071824,2.83935857529856,0.007444168734491316,0.024891480059484567,32.007155070923844,0.8089106648076897,3.5921874282293844
0.34074060852732735,3.727379990661248,0.007444168734491316,0.03343767342974908,33.09851775968468,1.1230103488994554,4.587577435923825
0.32064158214052974,5.3466370077284395,0.007444168734491316,0.04809503252635894,35.08696605041041,1.7103755874566515,6.499363337950345
0.28106014078172253,9.118643698814935,0.007444168734491316,0.07880762505209866,39.79209066460895,3.169154007835982,11.467638799603085
0.18248861458676613,21.132137288165744,0.007444168734491316,0.16985074623143254,59.35842345320479,10.087911202121013,34.69561090690486
0.366675417467589,1.9048996721240536,0.007444168734491316,0.015355089994824484,30.84356309020061,0.48116529854488405,2.574900721964048
0.3656568224022609,1.9703189014555271,0.007444168734491316,0.016047943263840306,30.92629293598465,0.5042029805014855,2.6456929964520213
0.3645767086624604,2.0403324198819774,0.007444168734491316,0.016784230947512795,31.014507887604534,0.5288152334785444,2.7214434888095833
0.36342930322747535,2.1154010186216765,0.007444168734491316,0.017568166588533315,31.108774260180393,0.5551685919624583,2.8026863907645287
0.36220808897700807,2.196067552722843,0.007444168734491316,0.01840452636319982,31.209738961512507,0.5834540879608769,2.8900447226847428
0.36090568111987964,2.282938063183001,0.007444168734491316,0.01929874612237091,31.31814435028986,0.6138913686330162,2.9842297648933873
0.3595136783113673,2.37671798990447,0.007444168734491316,0.02025703912755857,31.434846440307872,0.6467347587143937,3.0860726003760997
0.3580224820437714,2.4782198734546648,0.007444168734491316,0.02128653997808478,31.56083750693654,0.6822800215293533,3.1965413751839526
0.35642107496349545,2.5883888125798267,0.007444168734491316,0.022395482873786923,31.697274923851204,0.7208734323715085,3.316776217626002
0.3546967574791563,2.7083332224708587,0.007444168734491316,0.023593414348467335,31.84551302837231,0.7629224712328713,3.448122195454009
0.35283479906071824,2.83935857529856,0.007444168734491316,0.024891480059484567,32.007155070923844,0.8089106648076897,3.5921874282293844
0.35081803513388854,2.983013558564872,0.007444168734491316,0.02630275692067783,32.18410394975339,0.8594152563237137,3.7508979844587
0.34862633690986294,3.141151107282625,0.007444168734491316,0.02784269720655443,32.37864001215301,0.9151316104040185,3.9265876638707544
0.3462359482335984,3.3160041493189816,0.007444168734491316,0.029529690385201784,32.59351852503343,0.9769039488064758,4.122103793978245
0.343618639196862,3.510297008445487,0.007444168734491316,0.03138579035772323,32.83209847926245,1.0457686987950618,4.3409680438946
0.34074060852732735,3.727379990661248,0.007444168734491316,0.03343767342974908,33.09851775968468,1.1230103488994554,4.587577435923825
0.3375610586262136,3.971407836638197,0.007444168734491316,0.035717903988803465,33.39792955094389,1.210239716234149,4.8674694156901195
0.3340303099640438,4.247620758647663,0.007444168734491316,0.038266642599392865,33.73683261456833,1.309505279560145,5.187751833793105
0.3300872887652581,4.562692169480558,0.007444168734491316,0.04113397380946008,34.1235362809513,1.423448293271356,5.557654467639175
0.3256561390595499,4.925249552006616,0.007444168734491316,0.04438312843373049,34.568829106040376,1.555530258058605,5.989377457403495
0.32064158214052974,5.3466370077284395,0.007444168734491316,0.04809503252635894,35.08696605041041,1.7103755874566515,6.499363337950345
0.31492251274269994,5.841994910617561,0.007444168734491316,0.05237481887981253,35.69715347759779,1.8942884345443454,7.110213910718169
0.3083430519876399,6.431919286229606,0.007444168734491316,0.05736133712047083,36.42585034964233,2.116072225159768,7.853764801441679
0.3006999134252159,7.144937941264203,0.007444168734491316,0.06324134190507841,37.310450924412606,2.3883569436459107,8.776039589808693
0.29172481586906945,8.021316724403173,0.007444168734491316,0.07027080695738998,38.40531660478649,2.729834914044944,9.945584608682092
0.28106014078172253,9.118643698814935,0.007444168734491316,0.07880762505209866,39.79209066460895,3.169154007835982,11.467638799603085
0.26822821874255454,10.519210880882719,0.007444168734491316,0.08936082107708467,41.59771935604991,3.7519525924404715,13.508713816381075
0.25260239542742235,12.336729714557254,0.007444168734491316,0.10265993497969002,44.02639583407405,4.553902002283304,16.337995105197624
0.2334223305511624,14.706705726172189,0.007444168734491316,0.11972550969281123,47.41316348551157,5.704748213167064,20.38714290875999
0.21000774128488295,17.70880763343677,0.007444168734491316,0.1418140882784574,52.28974657036454,7.428552337362872,26.287436496102945
0.18248861458676613,21.132137288165744,0.007444168734491316,0.16985074623143254,59.35842345320479,10.087911202121013,34.69561090690486
0.39,1.0,0.007444168734491316,-2.4527487633802766e-15,22.540741884235974,-4.1233241944607345e-06,3812756.81225494
0.3895459287219995,0.6434542601180496,0.007444168734491316,0.0003787726328667135,29.096553268511734,0.011206988190838587,1.157941295059641
0.3890435748949795,0.6709314123095483,0.007444168734491316,0.0007981548127869108,29.132784665733396,0.023644506962996678,1.193577299296122
0.38848480598098795,0.7022960718333537,0.007444168734491316,0.0012650468715501885,29.173191698668955,0.037526969805079434,1.2335126767463063
0.38785955463138116,0.7380427972163499,0.007444168734491316,0.0017880062065562035,29.21854048010933,0.053121620022145856,1.278560019104565
0.3871552070597304,0.7792195308633846,0.007444168734491316,0.002377776280661755,29.269792994780417,0.07076592247210958,1.3297274283492806
0.3863557434479875,0.8270622416315435,0.007444168734491316,0.0030480329813116673,29.32819399168064,0.09089219710017922,1.3883086951932833
0.3854405060044267,0.8832486935932857,0.007444168734491316,0.003816456506837031,29.39533708991478,0.1140635203339266,1.4559897473768126
0.38438238925436174,0.9500327695487463,0.007444168734491316,0.004706314490398117,29.47334894298719,0.14102701096054313,1.5350035760893093
0.383145113020405,1.0305103145198509,0.007444168734491316,0.005748856688884244,29.565098943979688,0.17279606584683085,1.6283907711503658
0.38167898298545494,1.129023089613968,0.007444168734491316,0.0069870589143204,29.674566854824672,0.2107797404096841,1.7403757624854157
0.37991406223790486,1.2517833654925692,0.007444168734491316,0.008481691548765173,29.80743555447693,0.2569974128002127,1.877036948897503
0.3777487068255262,1.4079724487204865,0.007444168734491316,0.010321582701270256,29.97209190053857,0.31444816991530206,2.0474363783361187
0.3750293111208079,1.6116698306744013,0.007444168734491316,0.012641923838691288,30.18148945000493,0.38778678132340366,2.2657188700590836
0.371512288945301,1.8854941210710405,0.007444168734491316,0.015659021964014374,30.456709985610257,0.48464553607105204,2.555250115749406
0.3667870175532125,2.26819531904073,0.007444168734491316,0.019741789523554612,30.83452598164294,0.6184609998278905,2.9575719656062716
0.3601035352991479,2.8326525561353626,0.007444168734491316,0.02557481352564531,31.38528779579752,0.8152583156327216,3.5542657103531456
0.34993306405051167,3.735504673320259,0.007444168734491316,0.034586277830093284,32.26237149871592,1.13276761230036,4.529719391742555
0.33261874183152706,5.389600576877303,0.007444168734491316,0.05032191225639958,33.87425756092189,1.7288427403570517,6.401869732212769
0.29691937456688433,9.312914869413667,0.007444168734491316,0.08449424668999239,37.76398588341072,3.228137288888561,11.299488120859538
0.19662337266966826,23.163449148380714,0.007444168734491316,0.1967928647790108,55.50923139932167,10.965762039823735,36.311737425309616
0.371512288945301,1.8854941210710405,0.007444168734491316,0.015659021964014374,30.456709985610257,0.48464553607105204,2.555250115749406
0.3706813904994051,1.9516550693903378,0.007444168734491316,0.016374503807305034,30.522469820336312,0.5078660921274846,2.624868791654626
0.3697987391691563,2.022492761161118,0.007444168734491316,0.017135684416764222,30.592638920459944,0.5326765291982377,2.6993436769193853
0.36885935112737206,2.098487316960467,0.007444168734491316,0.017947082466813633,30.667675707410005,0.5592453866296933,2.779201591496316
0.3678575827174987,2.180179614373378,0.007444168734491316,0.018813831730116328,30.74810411775469,0.5877659872275616,2.865044506634571
0.3667870175532125,2.26819531904073,0.007444168734491316,0.019741789523554612,30.83452598164294,0.6184609998278905,2.9575719656062716
0.36564032975649596,2.3632526720373868,0.007444168734491316,0.020737668784465414,30.927636130683915,0.6515881437460755,3.0575948192146742
0.3644091178034503,2.466173264406426,0.007444168734491316,0.021809199376280876,31.028240657043764,0.6874473918074541,3.166056075648736
0.3630836996171636,2.5779250758125802,0.007444168734491316,0.022965328488805507,31.137280536972224,0.7263898960033076,3.284067916804644
0.36165285919846185,2.699640284658197,0.007444168734491316,0.024216470150776062,31.255861194165853,0.7688298404324699,3.4129490384554217
0.3601035352991479,2.8326525561353626,0.007444168734491316,0.02557481352564531,31.38528779579752,0.8152583156327216,3.5542657103531456
0.3584204199034481,2.9785455724212087,0.007444168734491316,0.02705472528798725,31.527116705125035,0.8662625661222099,3.7098988887740343
0.3565854645173613,3.1392164040098347,0.007444168734491316,0.028673247011326185,31.68321369174469,0.9225504637837652,3.882128874714575
0.3545772303050285,3.316960251267503,0.007444168734491316,0.030450758286303312,31.855840497403612,0.9849831085096042,4.07374025290948
0.35237007697627715,3.5145726493713383,0.007444168734491316,0.0324118113419251,32.047755983857385,1.0546177146639264,4.288171590910283
0.34993306405051167,3.735504673320259,0.007444168734491316,0.034586277830093284,32.26237149871592,1.13276761230036,4.529719391742555
0.34722853780853785,3.9840554233422396,0.007444168734491316,0.03701084194581796,32.50394595791926,1.22108281177844,4.803810273955666
0.3442102213813319,4.2656604631689214,0.007444168734491316,0.03973105032271015,32.77786720327833,1.3216657005849308,5.1174104088537415
0.34082061656570317,4.587275076169391,0.007444168734491316,0.04280414886182801,33.091052974513296,1.4372342670883438,5.479582394702001
0.3369874618306026,4.957937272828552,0.007444168734491316,0.046303028567239175,33.45252248940396,1.5713628005647773,5.902330251804492
0.33261874183152706,5.389600576877303,0.007444168734491316,0.05032191225639958,33.87425756092189,1.7288427403570517,6.401869732212769
0.3275956475561506,5.898378712812565,0.007444168734491316,0.054984601542393055,34.37250159814242,1.9162394989165896,7.00060728672728
0.32176230016162743,6.5064069684712305,0.007444168734491316,0.06045689865867604,34.96982423300619,2.142776841393088,7.730257626232503
0.314910951711497,7.244812694229325,0.007444168734491316,0.06696527891322868,35.69840803746024,2.421793822079904,8.637051381593354
0.3067596598471818,8.158368880221435,0.007444168734491316,0.0748264625972348,36.60566337308294,2.773240693267407,9.790582844019026
0.29691937456688433,9.312914869413667,0.007444168734491316,0.08449424668999239,37.76398588341072,3.228137288888561,11.299488120859538
0.2848460411615841,10.806564208982165,0.007444168734491316,0.09663505226473977,39.28857742626138,3.836910818390802,13.33987140104319
0.26977801785779104,12.784200391245626,0.007444168734491316,0.11224679871799968,41.37105561525718,4.685687850077621,16.20752737074533
0.25069017106114416,15.441553035206267,0.007444168734491316,0.13281818231460427,44.34229657199967,5.928876068761753,20.40707051006062
0.22643753117270748,18.95432318688785,0.007444168734491316,0.1603822648890134,48.77143185777426,7.8519302921216925,26.758563334903375
0.19662337266966826,23.163449148380714,0.007444168734491316,0.1967928647790108,55.50923139932167,10.965762039823735,36.311737425309616
0.39,1.0,0.007444168734491316,-2.4527487633802766e-15,22.540741884235974,-4.1233241944607345e-06,3812756.81225494
0.38910412206343964,0.6497406451447457,0.007444168734491316,0.000369982217119091,29.12841277186701,0.010958661057236191,1.1589863536707612
0.3881179129232618,0.6772417742060078,0.007444168734491316,0.0007787154462755887,29.199784841166338,0.023120710223278742,1.1958258504106618
0.3870267040791074,0.7082794063349115,0.007444168734491316,0.0012326271719528931,29.279167296856965,0.03669563258354493,1.2371355040334238
0.385812468484981,0.7436468744222618,0.007444168734491316,0.0017396502878510064,29.368012089706315,0.05194449048475119,1.2837722306371784
0.384452800686059,0.7842498437193729,0.007444168734491316,0.002309691477480943,29.46814476855707,0.06919684584385735,1.3367929757317585
0.3829195011961149,0.8312904849877971,0.007444168734491316,0.002955286182113666,29.581892618135967,0.08887477270687887,1.3975644009851327
0.38117657350466355,0.8863755991014112,0.007444168734491316,0.0036925330809415946,29.712270149845413,0.11152774572683895,1.4678600889893803
0.3791773281954923,0.9516394735517205,0.007444168734491316,0.004542457992702627,29.863253019025674,0.13788456827085394,1.5500443434197089
0.3768600924321504,1.0300061582406845,0.007444168734491316,0.005533056681106918,30.0401942284111,0.16893305162108646,1.6473337384560258
0.37414167266450254,1.12557526115983,0.007444168734491316,0.0067024468054123175,30.250477359376116,0.20604572848295416,1.7642206025017508
0.3709070656003999,1.244214680945063,0.007444168734491316,0.00810390275347242,30.504582937881786,0.25118785785373327,1.9071740592568034
0.36699264621076017,1.3945960725405715,0.007444168734491316,0.009814226949235148,30.81788867436551,0.3072742668218428,2.0858790395768816
0.36215741518533234,1.5900366280641365,0.007444168734491316,0.011948378512987513,31.2139426786018,0.37882063955485196,2.315492558774296
0.35603113955704846,1.851923515361584,0.007444168734491316,0.014686559055805324,31.730675458845695,0.47321284902567273,2.6211366053722003
0.3480143401825776,2.2169201964522713,0.007444168734491316,0.018328242214624015,32.43338305426858,0.60340475001309,3.047635455787186
0.33706867655794404,2.753572662617559,0.007444168734491316,0.023410586411101896,33.44478187666828,0.7943358753320068,3.683204500987813
0.3212276773196854,3.607094681457129,0.007444168734491316,0.031002715838789153,35.02560763041419,1.100741995942576,4.727153998542213
0.29628159576837215,5.147130097425064,0.007444168734491316,0.04357680385749129,37.841580247469444,1.6690370970747588,6.733616334025333
0.2515928911740338,8.602882359581578,0.007444168734491316,0.06831822327132356,44.192983065411546,3.0443484703091883,11.860740499431403
0.16039416723485894,17.950862158152518,0.007444168734491316,0.13145169637620976,66.43063108454852,8.689362471225026,32.33068191150372
0.35603113955704846,1.851923515361584,0.007444168734491316,0.014686559055805324,31.730675458845695,0.47321284902567273,2.6211366053722003
0.3546040169277643,1.9150981503107356,0.007444168734491316,0.01532995064595368,31.85352527253972,0.4958235457844036,2.6947997810196873
0.35309626323205756,1.982702486273092,0.007444168734491316,0.01601198090315206,31.984357251558162,0.5199738439386241,2.773669223181649
0.35150082718953723,2.055188706276409,0.007444168734491316,0.016736245535875823,32.123977041243805,0.5458258291887237,2.85831348436357
0.34980981087465335,2.1330654340169874,0.007444168734491316,0.01750680141737937,32.273302491845826,0.5735649091462858,2.9493825011895964
0.3480143401825776,2.2169201964522713,0.007444168734491316,0.018328242214624015,32.43338305426858,0.60340475001309,3.047635455787186
0.34610440635702755,2.3074300804490324,0.007444168734491316,0.019205792269059864,32.6054263260776,0.6355917026978689,3.153945395568477
0.3440686836597873,2.405368227156393,0.007444168734491316,0.020145415794020127,32.79082597794801,0.6704125907699738,3.2693391672258447
0.3418943012369919,2.5116383709315953,0.007444168734491316,0.02115395573575056,32.99120195895383,0.7082023074145267,3.3950195907800547
0.3395665750494449,2.6272937782457535,0.007444168734491316,0.022239299359720716,33.20844597143601,0.7493546612586285,3.532409453726028
0.33706867655794404,2.753572662617559,0.007444168734491316,0.023410586411101896,33.44478187666828,0.7943358753320068,3.683204500987813
0.3343812292205508,2.891939660904672,0.007444168734491316,0.024678467319144273,33.70284134084361,0.8437017348049864,3.8494384716359833
0.331481808909242,3.0441435036961884,0.007444168734491316,0.026055429248132495,33.985762090706,0.8981205031899275,4.033575410037118
0.32834433004974634,3.2122811412379795,0.007444168734491316,0.027556205936813974,34.297313123696384,0.958401025353038,4.2386207981562665
0.3249382689440846,3.3988946381472087,0.007444168734491316,0.02919830831980817,34.642063272384654,1.0255337549955954,4.468275535727617
0.3212276773196854,3.607094681457129,0.007444168734491316,0.031002715838789153,35.02560763041419,1.100741995942576,4.727153998542213
0.3171699884303469,3.8407223294522104,0.007444168734491316,0.03299474528047928,35.454853793436904,1.185554408652617,5.021067307270358
0.31271439156330855,4.104589349862098,0.007444168734491316,0.03520526090332522,35.938448671007315,1.281904821764497,5.357434344704297
0.3077998206365996,4.404726690302221,0.007444168734491316,0.03767224376240581,36.48734305631834,1.392274019691094,5.745860282094868
0.3023523194003814,4.748893773985685,0.007444168734491316,0.04044293731894233,37.115602273854336,1.519891904431224,6.198963419956771
0.29628159576837215,5.147130097425064,0.007444168734491316,0.04357680385749129,37.841580247469444,1.6690370970747588,6.733616334025333
0.28947655592847127,5.61261131878884,0.007444168734491316,0.04714962144936007,38.68964103176209,1.845484673218385,7.372794879943122
0.28179946235732456,6.162857834988939,0.007444168734491316,0.05125928323433304,39.69276361487385,2.057195167883412,8.148419230537485
0.27307852694415113,6.821456211553655,0.007444168734491316,0.05603401243619657,40.8965391589801,2.315403906236714,9.105817761751677
0.26309887569019197,7.620391048217389,0.007444168734491316,0.0616440785905834,42.365463439985554,2.636382211269202,10.310787175748535
0.2515928911740338,8.602882359581578,0.007444168734491316,0.06831822327132356,44.192983065411546,3.0443484703091883,11.860740499431403
0.23823385630304264,9.825812901528737,0.007444168734491316,0.07636544502032461,46.51757559842999,3.5763521895022614,13.901776259406475
0.22264619958294396,11.357430965359585,0.007444168734491316,0.08619830458395686,49.54730398688228,4.2903966508278515,16.65182206490811
0.20446960151330365,13.258566696186147,0.007444168734491316,0.09833718573221926,53.590920463987636,5.278019486394771,20.41877014789802
0.18356038704078476,15.520996023796492,0.007444168734491316,0.11332727512383442,59.07010487206188,6.679694082388487,25.567503048186136
0.16039416723485894,17.950862158152518,0.007444168734491316,0.13145169637620976,66.43063108454852,8.689362471225026,32.33068191150372
0.39,1.0,0.007444168734491316,-2.4527487633802766e-15,22.540741884235974,-4.1233241944607345e-06,3812756.81225494
0.38867410511105904,0.6563066119976658,0.007444168734491316,0.00036142653068913324,29.159481617275,0.010716463094355592,1.1600314872984385
0.3872213830142166,0.6836433408643767,0.007444168734491316,0.000759888688586171,29.26497307632274,0.022611167905394927,1.198052476163453
0.3856219190930643,0.7144562209219898,0.007444168734491316,0.0012013950894304037,29.382003785162937,0.035889155032686436,1.2407169478696474
0.3838513950048256,0.7495031732471161,0.007444168734491316,0.0016933304701102672,29.51264645847308,0.050805878004642265,1.2889143184131246
0.381879797836834,0.7896534747517824,0.007444168734491316,0.0022448752039919096,29.65952735211193,0.06768376989577234,1.3437539346749563
0.379669649687075,0.8360645320153275,0.007444168734491316,0.002867584897144581,29.825929782262012,0.08693571291282572,1.406665556346915
0.3771735269544677,0.8902775433456795,0.007444168734491316,0.003576216293234933,30.016137469811113,0.10909904431279027,1.4795116838931825
0.3743305229019631,0.9543356069845654,0.007444168734491316,0.004389919196208714,30.235773265277636,0.13488628584641185,1.5647794286647865
0.37106108114565794,1.0310312916273583,0.007444168734491316,0.005334007014440302,30.492380532547614,0.16526268692710436,1.6658543326720054
0.3672592460880238,1.124282590899984,0.007444168734491316,0.006442664593697104,30.79634501509309,0.2015687408640445,1.7874782421265685
0.3627807098852683,1.2396937415921299,0.007444168734491316,0.007763214063994913,31.16231528915561,0.24572258347291567,1.936498938042727
0.3574236740261949,1.3855477879725242,0.007444168734491316,0.00936313258345491,31.61171653190463,0.30056614742995624,2.123178781561444
0.3508969820378842,1.5745889054371256,0.007444168734491316,0.011342108256890675,32.17714026271023,0.370496299503496,2.363623150985779
0.3427643542898419,1.8273063295963266,0.007444168734491316,0.013853977593823152,32.910730150711544,0.4626902786701397,2.684580517917514
0.3323408523669236,2.178832948868996,0.007444168734491316,0.017149516220373966,33.90144385229991,0.589697667032719,3.133848695767829
0.3184860548674544,2.694669715206412,0.007444168734491316,0.02166765226110836,35.31448742796995,0.7755600620958216,3.8055255233642886
0.29915154259721116,3.5120876306460884,0.007444168734491316,0.028253888509507535,37.49488717260145,1.0725742188813114,4.911499701406081
0.2702761595264225,4.970997000722104,0.007444168734491316,0.03877236070692577,41.29879833143002,1.6180413710661123,7.032564001797722
0.22286075770889277,8.111484622153181,0.007444168734491316,0.058205764686994656,49.50323949036282,2.8975561020792195,12.30529638615476
0.14074000629882452,15.326205971584397,0.007444168734491316,0.1013538167899853,74.03798603182807,7.423248910900366,29.9916979660735
0.3427643542898419,1.8273063295963266,0.007444168734491316,0.013853977593823152,32.910730150711544,0.4626902786701397,2.684580517917514
0.340891011862455,1.8881980450547324,0.007444168734491316,0.014439893906053672,33.08448769997179,0.48476157872501136,2.76207030700703
0.33892030360892517,1.9533339401193288,0.007444168734491316,0.01505925143064231,33.26927092032082,0.508329670224729,2.845088172803914
0.3368443649120328,2.0231469742898844,0.007444168734491316,0.01571501710066737,33.466169786870374,0.5335512456285506,2.934242172546976
0.3346544546436731,2.0981262612006906,0.007444168734491316,0.016410523348768684,33.67642587727479,0.5606053065971821,3.0302266508379967
0.3323408523669236,2.178832948868996,0.007444168734491316,0.017149516220373966,33.90144385229991,0.589697667032719,3.133848695767829
0.32989266910481263,2.265911438762585,0.007444168734491316,0.01793624352970414,34.142852930048406,0.6210658294690922,3.246043576112717
0.3272977189258765,2.360101095621083,0.007444168734491316,0.0187755183703019,34.40251605473719,0.6549855661917758,3.3679058110043156
0.3245422908680614,2.462257238804685,0.007444168734491316,0.019672830148295555,34.682594265311174,0.691777988009406,3.500711480645131
0.3216109130217906,2.5733994975686794,0.007444168734491316,0.020634463701550438,34.985602327247186,0.731821118485423,3.6459866215320416
0.3184860548674544,2.694669715206412,0.007444168734491316,0.02166765226110836,35.31448742796995,0.7755600620958216,3.8055255233642886
0.3151478015694317,2.827466708289025,0.007444168734491316,0.02278075202820875,35.672714402663495,0.823525754964031,3.981498318918266
0.3115733686277537,2.973431152312762,0.007444168734491316,0.02398350021026679,36.06441413825178,0.8763534839715448,4.176513762129148
0.30773668051222125,3.1345268123080876,0.007444168734491316,0.025287263320571192,36.494503492650544,0.9348110150251887,4.393754024923571
0.30360767095272395,3.3131194279146756,0.007444168734491316,0.026705434778814718,36.96892102317393,0.99983402983672,4.637129965885559
0.29915154259721116,3.5120876306460884,0.007444168734491316,0.028253888509507535,37.49488717260145,1.0725742188813114,4.911499701406081
0.29432783278873365,3.734954825806818,0.007444168734491316,0.02995157363349369,38.08126328775098,1.1544631725692,5.2229547545240536
0.2890892073932648,3.9860756897622647,0.007444168734491316,0.03182131065484177,38.73905550242888,1.2473012714055405,5.579221512719294
0.2833801844147405,4.270907256634826,0.007444168734491316,0.03389073960402288,39.48203385829622,1.353383024193501,5.990258533455686
0.2771350880895094,4.596300131329598,0.007444168734491316,0.036193790416304564,40.327756172820564,1.4756689135815741,6.468997310627914
0.2702761595264225,4.970997000722104,0.007444168734491316,0.03877236070692577,41.29879833143002,1.6180413710661123,7.032564001797722
0.2627108969908336,5.406197613382889,0.007444168734491316,0.041678759866994854,42.42466825673295,1.7856711537701242,7.703901661693715
0.25432909734540166,5.916425063265174,0.007444168734491316,0.04497894786248859,43.74454641063816,1.9855716707577502,8.514288453085392
0.24499988275688606,6.520337083940474,0.007444168734491316,0.04875681285800214,45.31127884919542,2.227433351182981,9.506931099777098
0.23456929050355224,7.2420136147714675,0.007444168734491316,0.05311981115186944,47.19730734574044,2.5249041347109493,10.742284289903406
0.22286075770889277,8.111484622153181,0.007444168734491316,0.058205764686994656,49.50323949036282,2.8975561020792195,12.30529638615476
0.20968309050981743,9.163629872376244,0.007444168734491316,0.06418979124680531,52.36975529715227,3.3738528070139346,14.314201284983728
0.1948576303033968,10.431894013707042,0.007444168734491316,0.07128650731559778,55.99139877739871,3.995334954471975,16.926747550052717
0.17828561682072042,11.929222991028306,0.007444168734491316,0.07973489713297442,60.62419104846637,4.8215425125749665,20.33016616234783
0.1600813718933899,13.61043350685202,0.007444168734491316,0.0897399021529001,66.56146750662924,5.932778357397941,24.68487576206279
0.14074000629882452,15.326205971584397,0.007444168734491316,0.1013538167899853,74.03798603182807,7.423248910900366,29.9916979660735
0.39,1.0,0.007444168734491316,-2.4527487633802766e-15,22.540741884235974,-4.1233241944607345e-06,3812756.81225494
0.38825543238137555,0.6628895647265264,0.007444168734491316,0.0003530967644995756,29.18981141991765,0.010480161959991107,1.1610653961745754
0.38635249070754374,0.6901316098296044,0.007444168734491316,0.0007416428337281131,29.328403457547683,0.02211524802714938,1.2002607065154245
0.3842670571615105,0.7207835856714998,0.007444168734491316,0.001171274957171435,29.481877244218005,0.03510612950696294,1.2442588474317848
0.38196984705512016,0.7555900603885747,0.007444168734491316,0.0016488936510728224,29.65278714752642,0.04970320893748903,1.2939927481488318
0.37942494158783585,0.795392113110546,0.007444168734491316,0.002183042981822888,29.844469536249658,0.06622243158128778,1.3506158583228516
0.37658779281428767,0.8413229706374251,0.007444168734491316,0.0027844306737279992,30.061125312563338,0.08506828996906071,1.4156215665126612
0.37340245989745807,0.8948587928857862,0.007444168734491316,0.0034666619939285317,30.30816537377237,0.10676719023917497,1.4909595388514831
0.3697977018886812,0.9579724965154078,0.007444168734491316,0.004247298106795258,30.59272157458459,0.13201688019941984,1.579227781570831
0.36568135520913864,1.033356819714541,0.007444168734491316,0.005149407492244454,30.92429515117542,0.1617624079289632,1.683978808995237
0.3609320003897794,1.1248033641065944,0.007444168734491316,0.006203928492989672,31.315946177713702,0.19731572101168526,1.8102065221693235
0.35538629542554323,1.237665356163094,0.007444168734491316,0.007453360971974027,31.786091518984712,0.2405527770693925,1.9650738222984827
0.34881915231118554,1.3799684421245548,0.007444168734491316,0.008957735545105556,32.3614310688014,0.29425121353214184,2.1594306300212476
0.34091117081497996,1.56399119467411,0.007444168734491316,0.010804847655573421,33.08260812736298,0.3627029681278732,2.4102519666354727
0.33119338404658183,1.8095216378091388,0.007444168734491316,0.013128477578858872,34.014166180983224,0.4529024650902568,2.7457988389749484
0.3189474345986541,2.1504874860837093,0.007444168734491316,0.016143458341992687,35.26553979311399,0.5770468531417499,3.216582106404279
0.3030137644119295,2.649996197247021,0.007444168734491316,0.020218814360630923,37.03817196674593,0.758398700587851,3.921933997321377
0.28139299833247755,3.439030378665572,0.007444168734491316,0.026048078613315363,39.74731149164275,1.0471502033935733,5.084316752261241
0.25034762274734745,4.833922852937521,0.007444168734491316,0.035106600186169415,44.40006322809512,1.5728246920215188,7.303315401884253
0.20240541091270334,7.730540790764782,0.007444168734491316,0.05109345462818441,54.09128874947066,2.7724343980415957,12.657242761421479
0.12758579794469296,13.64135630049722,0.007444168734491316,0.08345266745279593,79.95406762726708,6.569592123469253,28.334995706842605
0.33119338404658183,1.8095216378091388,0.007444168734491316,0.013128477578858872,34.014166180983224,0.4529024650902568,2.7457988389749484
0.3289755167486457,1.8686237608326286,0.007444168734491316,0.013667243441547277,34.23417854517321,0.47448676601688244,2.826918332417524
0.32665051000610357,1.9318246161177224,0.007444168734491316,0.014235458604959748,34.4678952348384,0.4975302718788643,2.913866029723953
0.3242102729949213,1.9995433695059444,0.007444168734491316,0.014835635820301446,34.7166503786867,0.5221848635979092,3.0072836232412157
0.32164586978061716,2.0722536867165515,0.007444168734491316,0.015470586843102478,34.98196076732744,0.5486239300228493,3.107904126825437
0.3189474345986541,2.1504874860837093,0.007444168734491316,0.016143458341992687,35.26553979311399,0.5770468531417499,3.216582106404279
0.316103988746357,2.234890749831547,0.007444168734491316,0.0168578048782893,35.5693688192125,0.6076830527622836,3.3343054425635805
0.3131033416735263,2.3261425662057778,0.007444168734491316,0.01761763497671567,35.8957099248139,0.6407984913441261,3.4622225603261207
0.3099318841884809,2.4250778607480004,0.007444168734491316,0.018427499364350355,36.247180739524744,0.6767032909438125,3.601684913240293
0.306574389675372,2.532654798232142,0.007444168734491316,0.01929258167313836,36.62681894278434,0.7157605728662323,3.754288873480636
0.3030137644119295,2.649996197247021,0.007444168734491316,0.020218814360630923,37.03817196674593,0.758398700587851,3.921933997321377
0.299230756361352,2.7784226109030836,0.007444168734491316,0.021213019110589742,37.48540743270537,0.8051257215135503,4.106885938418351
0.29520361095745934,2.919487809026228,0.007444168734491316,0.022283079391632984,37.97345288906389,0.8565495413503315,4.311882282393635
0.2909076541855828,3.075049806641956,0.007444168734491316,0.023438157227622214,38.50817788798653,0.9134022234344674,4.540248021450629
0.286314807372826,3.2473377905331318,0.007444168734491316,0.024688959789537415,39.096624290809785,0.976572473375781,4.796049769482815
0.28139299833247755,3.439030378665572,0.007444168734491316,0.026048078613315363,39.74731149164275,1.0471502033935733,5.084316752261241
0.27610545362653,3.653423663477431,0.007444168734491316,0.027530421657594128,40.47064118275447,1.126484605826981,5.411359764274186
0.2704098854576266,3.8945329485998093,0.007444168734491316,0.029153754993973865,41.27942671542384,1.2162629958701618,5.785090617735241
0.26425749992856823,4.1672805204922385,0.007444168734491316,0.03093941184382344,42.18962179707663,1.3186204775029466,6.215632572336037
0.2575918586923373,4.477835041731546,0.007444168734491316,0.03291320469428487,43.2213101439109,1.4362908116628579,6.7160178618497195
0.25034762274734745,4.833922852937521,0.007444168734491316,0.035106600186169415,44.40006322809512,1.5728246920215188,7.303315401884253
0.24244923321159045,5.245197576528851,0.007444168734491316,0.037558241545768194,45.758832614938335,1.7328911681637236,7.999963345450291
0.2338097197235923,5.72381095696009,0.007444168734491316,0.040315905804121845,47.340601175050395,1.9227290348019448,8.835978842046062
0.22433013808420976,6.284860993157666,0.007444168734491316,0.04343893962525721,49.202071916768126,2.15078701443047,9.851665444653854
0.21390067110445982,6.946767918992612,0.007444168734491316,0.047001104744060364,51.418704920038664,2.428662711763037,11.101283595670436
0.20240541091270334,7.730540790764782,0.007444168734491316,0.05109345462818441,54.09128874947066,2.7724343980415957,12.657242761421479
0.18973494158794532,8.65762003956134,0.007444168734491316,0.05582594207638637,57.353423679146495,3.2044613276020306,14.613253243146012
0.17581451151292707,9.742625608182658,0.007444168734491316,0.061324215196262015,61.37661514294931,3.7554943925882616,17.081326527335623
0.16065709127077896,10.979005130058855,0.007444168734491316,0.06771488375314898,66.36413333315613,4.466328448232327,20.172780550139354
0.14444256001351224,12.315998967718361,0.007444168734491316,0.07509013038142277,72.51637336436846,5.386933362101079,23.94805749579635
0.12758579794469296,13.64135630049722,0.007444168734491316,0.08345266745279593,79.95406762726708,6.569592123469253,28.334995706842605
