shrinking_speed_steady_state,velocity_decay_timescale,equilibrium_density,P0_end_fit,lengthscale_density_end_fit,accumulation_end_fit,accumulation_timescale
0.1998242798580907,0.33869836376654516,0.5294117647058822,0.13842636957394566,6.682360631284659,0.9958577798868781,0.5184838549233546
0.2116340217858275,0.30592325596199493,0.5294117647058822,0.05969475672193685,6.341705933862431,0.4091703032626265,0.45750307560662135
0.22298994966231256,0.2765259502000213,0.5294117647058822,-0.01601142912123993,6.0473532993585914,-0.10504802837721199,0.40740712401666784
0.23874314225031013,0.23919393847913445,0.5294117647058822,-0.12103271304128345,5.684381508600551,-0.7502646799038768,0.3495576979254212
0.19989613549153054,0.4212011435101171,0.5294117647058822,0.13794733201723625,9.742284695173057,1.4137732390459397,0.711042891334986
0.21165993013239956,0.37936060858086157,0.5294117647058822,0.059522034411465745,9.239924332367677,0.5801806989115939,0.6226018307475981
0.22298418424896901,0.3416765890373201,0.5294117647058822,-0.015972993032848364,8.804742626262156,-0.14875665715216374,0.5500592910086727
0.23871065122175805,0.2934018343746202,0.5294117647058822,-0.12081610618439508,8.266843459682264,-1.0603003131302622,0.46636062658305205
0.19996687631253107,0.49410529641302275,0.5294117647058822,0.1374757265439202,12.773715758410276,1.8251020880411735,0.9006903490771164
0.2116854978081608,0.44339347039541116,0.5294117647058822,0.059351583288695234,12.114621152792767,0.7489022411393084,0.7843812055872718
0.22297848356133473,0.39779213478092745,0.5294117647058822,-0.015934988448108398,11.542215198323525,-0.19196493455393246,0.6887328202367501
0.2386784531516925,0.3393186932768265,0.5294117647058822,-0.12060145238383892,10.833008833372755,-1.3674785078367522,0.5781684928817883
0.20003653633359778,0.5617075875685943,0.5294117647058822,0.13701132640496924,15.778455026707217,2.2300611734190956,1.0884311522078816
0.211710733562989,0.5020381736765349,0.5294117647058822,0.05918334487418323,14.96742674077446,0.9153995421843503,0.944710807785642
0.22297284616577043,0.44858589107671365,0.5294117647058822,-0.015897405810996433,14.261313033329383,-0.2346848521310981,0.8259085249299511
0.2386465427201151,0.38020373963078696,0.5294117647058822,-0.12038871617373959,13.384370567238362,-1.6718528795122363,0.6879156554816183
0.20010514799653992,0.6261021340870766,0.5294117647058822,0.13655391536335745,18.7575591854358,2.6288518060885626,1.2738944340043556
0.21173564592804,0.557286486063615,0.5294117647058822,0.05901726256898736,17.79920599603202,1.079733338539686,1.1037030021732768
0.22296727057450486,0.49591998391962183,0.5294117647058822,-0.015860235550422885,16.962786495954052,-0.2769281294921718,0.9621659349525293
0.23861491475525654,0.4177231719718598,0.5294117647058822,-0.12017786307521301,15.921595108611491,-1.9734789546746625,0.796714815168767
0.20017274235308866,0.6884588119416127,0.5294117647058822,0.1361032871317987,21.71184097716421,3.0216615182852733,1.4565978116089078
0.21176024306770083,0.6102726093554063,0.5294117647058822,0.05885328209878384,20.61058181934157,1.2419607125060048,1.2610681706722122
0.2229617557560694,0.5408713921606654,0.5294117647058822,-0.015823469760471973,19.64714981664105,-0.31870579361840123,1.0974676240212462
0.23858356422429552,0.4528483157172836,0.5294117647058822,-0.11996885956492338,18.445094315724763,-2.2724105266615915,0.9049196835325931
0.20023934965493528,0.7494914045635269,0.5294117647058822,0.13565924547445796,24.641999159472938,3.408665610333335,1.6362028093909975
0.2117845325784344,0.661700042243233,0.5294117647058822,0.058691352887087,23.402075065076026,1.4021350875946206,1.4164951512104242
0.222956300091763,0.5841134437595419,0.5294117647058822,-0.015787098823722093,22.31480109675731,-0.36002829969740757,1.2316189648927316
0.23855248620377445,0.4861954305663682,0.5294117647058822,-0.11976167314457936,20.955177579108923,-2.5686989024262195,1.0125671967295515
0.20030500061332504,0.8096546702814014,0.5294117647058822,0.13522160783231857,27.548653786763627,3.790021981797051,1.8125068358426553
0.21180852289975544,0.7120313012723707,0.5294117647058822,0.05853142469567965,26.174139112754585,1.5603051866003517,1.5697490941203864
0.22295090233329215,0.6260995715025941,0.5294117647058822,-0.015751114868063548,24.966092088556618,-0.40090529711546286,1.364408240375295
0.23852167575215605,0.5181802539993088,0.5294117647058822,-0.11955627289104546,23.4521034679562,-2.8623927524147508,1.1195803242006028
0.20036973128726412,0.8692597225454798,0.5294117647058822,0.13479020470252526,30.432327164218023,4.165858962720667,1.985369714302761
0.21183222316925587,0.7615828441161173,0.5294117647058822,0.058373453305311115,28.92716739517687,1.7165132037987991,1.7206637893998895
0.22294556108363084,0.667145010953121,0.5294117647058822,-0.01571551074420642,27.60133121190577,-0.44134513626622063,1.4956632899978866
0.23849112746277418,0.5490985287522492,0.5294117647058822,-0.11935263105906717,25.93609673903096,-3.153535314857576,1.2258368953693621
0.18647176981897415,0.3586986223457745,0.5294117647058822,0.15863811517913293,7.11794189016453,1.2101913793924532,0.5727240205813048
0.20020477034016848,0.320970654037174,0.5294117647058822,0.07540780898998577,6.67077585695868,0.5416252355092377,0.49480276102977583
0.21332270944482784,0.2876115387530042,0.5294117647058822,-0.004094852250202386,6.295999554433013,-0.027881092180265427,0.43308773992586946
0.23137676651959335,0.24599256832073074,0.5294117647058822,-0.11351337997614429,5.848094203155852,-0.7221854847723712,0.3643397006675941
0.18657134188234267,0.4449787787343699,0.5294117647058822,0.15803464812838264,10.384652918559677,1.720947678952186,0.7886505811600405
0.20024372610505956,0.3971588414448024,0.5294117647058822,0.07517171297915945,9.726627447877114,0.7692384326967329,0.6754723143332347
0.21332097815858375,0.3547595599482721,0.5294117647058822,-0.004084359606393808,9.173298496088796,-0.03954021315863379,0.5860636184632548
0.23134158353998044,0.3013991475666403,0.5294117647058822,-0.11330014979668383,8.51005698340866,-1.0218458505220525,0.48670488825924657
0.18666916146673324,0.5216065559740958,0.5294117647058822,0.15744180216240936,13.616515562924443,2.22257717282713,1.0016447426506683
0.20028211573342777,0.463811932023706,0.5294117647058822,0.07493904903102667,12.755025388631552,0.9934841651835408,0.8531201845127558
0.21331926790892522,0.4127144100407932,0.5294117647058822,-0.00407399445696024,12.028224702144792,-0.051054879070420396,0.7353789879262381
0.23130673538610078,0.3483772804837299,0.5294117647058822,-0.11308894886407402,11.154475565466155,-1.318590472929844,0.6042622569105275
0.18676529002821293,0.5930000631804149,0.5294117647058822,0.15685920482444782,16.815587120434643,2.7154211804294497,1.211950384646073
0.2003199550693697,0.5250746608317564,0.5294117647058822,0.07470971972264233,15.757712397468078,1.2144679111385055,1.0291403455564059
0.21331757818905953,0.46529975057918943,0.5294117647058822,-0.004063753730500922,14.862363687091593,-0.06242890297888946,0.8832707882954852
0.2312722156373839,0.39026369137522593,0.5294117647058822,-0.11287973824597444,13.782847136111592,-1.612478217734783,0.7199087062475967
0.18685978576230375,0.6612851129797406,0.5294117647058822,0.15628650359711835,19.983197812839588,3.19979420042725,1.418860123343116
0.20035725987142794,0.5829783893003725,0.5294117647058822,0.07448363003802744,18.735687953234546,1.4322878330308701,1.2033385422328498
0.21331590851080875,0.5144214554261984,0.5294117647058822,-0.0040536344679695585,17.676534167573706,-0.0736659193679715,1.0301017103742771
0.2312380180457251,0.4287586256332951,0.5294117647058822,-0.11267248013724183,16.395860405859764,-1.903569159200916,0.8346628459603778
0.18695270410129386,0.7276376086979909,0.5294117647058822,0.15572336492185984,23.12042580953448,3.675988368635102,1.6218182403624162
0.20039404511498882,0.6386727775746459,0.5294117647058822,0.07426068960242478,21.689711443109744,1.647036101483439,1.3752827730254982
0.2133142584024439,0.5611778595104632,0.5294117647058822,-0.0040436338200881385,20.471313817188367,-0.08476934627024284,1.175699435966798
0.2312041365640917,0.46484775395280226,0.5294117647058822,-0.11246713787417219,18.99395458209997,-2.191920839740008,0.9487916010450811
0.18704409928700974,0.792761622672705,0.5294117647058822,0.1551694752903244,26.22821640136559,4.144272119280544,1.820510220527254
0.20043032544955364,0.6928651596093947,0.5294117647058822,0.07404081252875443,24.62043179245707,1.8587974905685276,1.544623179777404
0.21331262740295556,0.6062516502808512,0.5294117647058822,-0.004033749055328456,23.24717772583608,-0.0957423863608528,1.3197951341478684
0.23117056525011043,0.4991567280297272,0.5294117647058822,-0.11226367599645007,21.577467498400523,-2.477588041571325,1.062270579907448
0.1871340281372322,0.8571139384772046,0.5294117647058822,0.1546245476868247,29.307399800717448,4.604879181771764,2.0147674774078754
0.2004661159729004,0.7460160966499642,0.5294117647058822,0.0738239195285093,27.52842209619574,2.067649133692901,1.7111269530441637
0.21331101503810504,0.6500900076156647,0.5294117647058822,-0.004023977619892129,26.004540823064914,-0.10658796821374461,1.4621548229980244
0.23113729812316355,0.5321045061751919,0.5294117647058822,-0.11206206113639093,24.14668548148532,-2.7606218377460143,1.17498093870907
0.18722255588383807,0.92098218893897,0.5294117647058822,0.15408833612760617,32.358652607634255,5.057985615880857,2.2044802310201863
0.20050143451047217,0.7984444605056433,0.5294117647058822,0.0736099406234489,30.414163189670194,2.273652261726893,1.874620916682532
0.21330942076889373,0.6930210660945918,0.5294117647058822,-0.00401431729252865,28.74376113486404,-0.11730856144013346,1.6025940527217057
0.23110432845701637,0.5639914877664571,0.5294117647058822,-0.11186226419813394,26.701857192704175,-3.041067125311283,1.2867803103152087
0.1722927880572949,0.38139539786710297,0.5294117647058822,0.1800727460871382,7.651900003053522,1.469621409424746,0.641877339792406
0.18815197527735236,0.3377751915209112,0.5294117647058822,0.0919661504204489,7.059833578854241,0.6962494326494563,0.5401430457150973
0.20319710962875598,0.29982957301487173,0.5294117647058822,0.008382070689828058,6.5811394408771235,0.05945602031668344,0.4631403109579712
0.2237342178780282,0.2533245487549141,0.5294117647058822,-0.10571297513930156,6.029080372078891,-0.6916398320339684,0.3808744473402652
0.17242960686688114,0.4719371849328958,0.5294117647058822,0.17931264158922436,11.169861984079164,2.093143435227379,0.8881349212663912
0.18820842535855883,0.4169868061848623,0.5294117647058822,0.09165253885854936,10.301038522697269,0.9904275761585373,0.7401413796110281
0.20320125472734282,0.3691245077735257,0.5294117647058822,0.008359042364445327,9.595486600075768,0.08444529588127145,0.6284255213294299
0.22369660925446463,0.31000092704544235,0.5294117647058822,-0.10550403834220279,8.778790597198276,-0.9798347539054358,0.5095541328297836
0.17256364838559815,0.5528223615358839,0.5294117647058822,0.17856796648635428,14.643839245205708,2.7038230588440224,1.1308535163721858
0.18826395749530847,0.48656014967945965,0.5294117647058822,0.09134402698702734,13.509498531664768,1.2797408748948111,0.937292640106783
0.2032053449035982,0.4290774854260953,0.5294117647058822,0.008336319163015478,12.584336444591193,0.10909703036202552,0.7903816116398338
0.22365937986227483,0.35810431663251646,0.5294117647058822,-0.10529720838544701,11.509474237253851,-1.265057833021772,0.6336451821705266
0.17269502673935325,0.6285747611828879,0.5294117647058822,0.17783808696306577,18.076356019602585,3.3022151831358375,1.3693548098495156
0.1883186015675126,0.5507579034965371,0.5294117647058822,0.0910404488153349,16.68714717981234,1.5643600367501649,1.132340134084062
0.20320938160956306,0.48362452088790364,0.5294117647058822,0.008313893018791721,15.549349017481696,0.13342100586085498,0.9509055748197682
0.22362252198506843,0.40106127127298186,0.5294117647058822,-0.10509244223091757,14.222640277919737,-1.5473740027188854,0.7559809101450369
0.17282384855502692,0.7013407394255475,0.5294117647058822,0.17712241078197502,21.46921046064192,3.888827225533218,1.6026680319265088
0.18837238620216737,0.6116515623094632,0.5294117647058822,0.09074164598093715,19.83519486508379,1.8444429763433594,1.3247672615199808
0.20321336623899508,0.5347178993418734,0.5294117647058822,0.008291756190626432,18.491439749762435,0.15742642814310667,1.1100928884570194
0.22358602812020048,0.44059978649403175,0.5294117647058822,-0.10488969871057278,16.919007634945757,-1.826848012892527,0.8774548843056194
0.1729502156154621,0.7722906943132657,0.5294117647058822,0.1764203815807971,24.823919866298517,4.464126634458833,1.830251208669367
0.1884253378919713,0.6703995271796555,0.5294117647058822,0.09044747075200267,22.95461098028192,2.1201358613124452,1.5140206588333502
0.20321730013426015,0.5834634646081336,0.5294117647058822,0.008269901253853228,21.411286231666775,0.1811219094796102,1.2676303651645426
0.22354989102614417,0.4777234177786365,0.5294117647058822,-0.10468893716927245,19.59905101001507,-2.103541446056818,0.9982352735346699
0.1730742277453267,0.8421289037610906,0.5294117647058822,0.1757314884097147,28.141824412860696,5.028532403036402,2.0518800001397226
0.1884774840623261,0.7277090501804581,0.5294117647058822,0.09015778060576222,26.046235393028336,2.3915734632090646,1.6997456539161917
0.20322118461423863,0.6305566120019084,0.5294117647058822,0.008248321153024327,24.309460035694727,0.20451545592696296,1.423185785951302
0.2235141035787369,0.5130644416264838,0.5294117647058822,-0.10449011901032877,22.2631442682705,-2.377512990222531,1.1182328855294192
0.17319599185060944,0.9112864097976102,0.5294117647058822,0.1750552807152654,31.42407192872649,5.582390311102672,2.26746891810465
0.18852885283181206,0.7840458427226219,0.5294117647058822,0.08987244952101911,29.110806913367803,2.6588727393945737,1.881720905536111
0.2032250210570975,0.6764542161892672,0.5294117647058822,0.008227009419412403,27.186462925493938,0.22761425306926047,1.5765089243468966
0.2234786584786916,0.5470499502938975,0.5294117647058822,-0.10429320817836062,24.91160785023112,-2.648816502412202,1.2372861398022938
0.17331563282031684,0.980036362497288,0.5294117647058822,0.17439139781650748,34.67153078688477,6.125933149738483,2.476926918043659
0.18857947753242607,0.839716106112226,0.5294117647058822,0.08959137411437229,32.14892266256559,2.922120199098614,2.059794132993188
0.2032288110778653,0.7214734364893098,0.5294117647058822,0.008205960695712397,30.042717964812557,0.2504240566968031,1.7274046937909668
0.22344354763036645,0.5799797857688442,0.5294117647058822,-0.10409817496435475,27.544720481273984,-2.917497455669354,1.3552308492571166
0.15721304017399967,0.407322224743975,0.5294117647058822,0.20282905490085723,8.321324127295027,1.7907770286699036,0.7329945487254319
0.17542491371415922,0.35662821610086115,0.5294117647058822,0.10943483163227782,7.526775841116424,0.8794749855451938,0.596427363209709
0.19258033324275703,0.3133235304609599,0.5294117647058822,0.021458321228696963,6.911395636471122,0.15927836135345055,0.49875908558562104
0.21579975120860154,0.2612495507517559,0.5294117647058822,-0.09761561705769076,6.230217742558884,-0.6582453022740954,0.399491609050967
0.15740040569568223,0.502725703769152,0.5294117647058822,0.20186820608476058,12.150458578049482,2.5539031329440003,1.0196322492948444
0.1755047793648927,0.43918847250830584,0.5294117647058822,0.10902526419209818,10.988868156791952,1.252991833794373,0.8209008282470485
0.19259272133309446,0.38494199523070416,0.5294117647058822,0.02139479256052981,10.083817227269986,0.22656306084688516,0.6789343260324503
0.21576006064901468,0.3192695602006923,0.5294117647058822,-0.09741207572647916,9.077261145726856,-0.9337051340738619,0.5353938343200095
0.1575832955532023,0.5885212967140404,0.5294117647058822,0.20093030936771325,15.921961632594185,3.298545127983438,1.3008817455814143
0.175583173160516,0.5120395044411654,0.5294117647058822,0.10862324472907968,14.41090055948512,1.6195124665591831,1.0423768101221496
0.19260492888287697,0.4470809924333472,0.5294117647058822,0.021332189742215728,13.226694689205706,0.29284847631550476,0.8560884144969189
0.21572079599953103,0.36857463307545296,0.5294117647058822,-0.09721071854963007,11.903499786157068,-1.2061418735318579,0.6669690149375548
0.15776192951381987,0.669316630921517,0.5294117647058822,0.20001423766759188,19.639237222478144,4.025645499245526,1.5751181508688359
0.1756601500530449,0.5795522340486564,0.5294117647058822,0.10822849144418008,17.795138853384245,1.9793153101554668,1.2607839054446486
0.19261696118562363,0.5037914950620649,0.5294117647058822,0.021270485638366914,16.34181141682292,0.35816658759541503,1.0316405411715515
0.21568194800842005,0.4126740307978475,0.5294117647058822,-0.09701149808342424,14.710464860139574,-1.47562684150111,0.7969314919082999
0.15793651350527008,0.7472642548230717,0.5294117647058822,0.19911894379877743,23.30491419432657,4.736059017297795,1.8413034722114938
0.17573576190486023,0.6438289583042135,0.5294117647058822,0.10784073874046388,21.1431359721229,2.3326554142953606,1.475277253159281
0.1926288232838953,0.557060179333502,0.5294117647058822,0.021209654365976632,19.430227042280023,0.4225472831923939,1.205378807690319
0.21564350773206115,0.4533327845215515,0.5294117647058822,-0.09681436846730718,17.49891700218972,-1.7422300137957265,0.9260279017509211
0.15810723397309398,0.8235346322054037,0.5294117647058822,0.19824348740234987,26.92128207259174,5.430558998524181,2.0990832769980754
0.17581005815831033,0.7060348742749039,0.5294117647058822,0.10745973709113825,24.45618432052858,2.6797683381616038,1.6852627130313806
0.19264051991768874,0.608019143455717,0.5294117647058822,0.021149671478237868,22.492765625755375,0.48601785801891956,1.376863251627111
0.21560546657536067,0.49156915590567074,0.5294117647058822,-0.09661928545483288,20.269377093139184,-2.006017499977118,1.0543110480997717
0.15827428842836924,0.8988039106461434,0.5294117647058822,0.1973870000455429,30.490318675212848,6.109812277266709,2.3484277267041427
0.17588308802824532,0.7668810268058364,0.5294117647058822,0.10708525645389473,27.735420584373905,3.0208666255158376,1.8904171581543237
0.19265205627595614,0.6573515910088663,0.5294117647058822,0.021090512923282415,25.53012731441261,0.5486043514209468,1.5457003594451746
0.21556781579938059,0.5280232626555614,0.5294117647058822,-0.0964262065069324,23.022264150639952,-2.2670518524272474,1.181625220463999
0.15843788320706412,0.9734826682512728,0.5294117647058822,0.1965487815841877,34.0136512259667,6.7743241787454185,2.5893607410465913
0.17595490449153364,0.8268210055870112,0.5294117647058822,0.1067170999397805,30.981820443402476,3.3561228917553136,2.0905626526515686
0.19266343707121078,0.7055319179041531,0.5294117647058822,0.021032158998605888,28.542939421392326,0.6103282505822114,1.711655561720922
0.21553054679636144,0.5631269247059497,0.5294117647058822,-0.09623509312241091,25.757942755859666,-2.5253894430047423,1.3077660794315586
0.1585982597581461,1.0477949800298842,0.5294117647058822,0.19572833028914033,37.49237562790645,7.424381409838105,2.8217814616939276
0.1760255716779889,0.8861542564626869,0.5294117647058822,0.10635511888977352,34.19611741923096,3.685654264709238,2.2855580436595364
0.19267466861886212,0.7528670191654535,0.5294117647058822,0.02097459351982724,31.53170180109564,0.6712065792443545,1.8745130445095401
0.21549364910074773,0.597183092812684,0.5294117647058822,-0.09604591466103433,28.476723722773944,-2.7810773525907084,1.4325510718918182
0.14115205999931763,0.43716257947211756,0.5294117647058822,0.22700699720268563,9.184243585545309,2.1996080077437643,0.8581713013508419
0.1619680222178698,0.3778882776014889,0.5294117647058822,0.12788336758997518,8.097315043566812,1.1005196276765257,0.6681339152442662
0.18143656061039862,0.32826964046490004,0.5294117647058822,0.03517604191127039,7.2983179207021,0.27467829600930804,0.5416316799074157
0.20755642163513627,0.2698340648271513,0.5294117647058822,-0.08920424868059665,6.455058194760037,-0.6215319558219788,0.4206085677451085
0.14140903388534723,0.5381634700514468,0.5294117647058822,0.22578331203147392,13.407578796739871,3.13950156751483,1.200025242361515
0.16207933253922832,0.46418893520065146,0.5294117647058822,0.12735331844066178,11.826770707237594,1.5700890417969675,0.9242801930810783
0.18146026522355632,0.40241536987245446,0.5294117647058822,0.03506316280199883,10.654972028592873,0.39129117485200016,0.740110152842585
0.20751509094543208,0.3292799545461367,0.5294117647058822,-0.08900743587558882,9.41066248732523,-0.8827662217605232,0.5648468481667193
0.14165860388948184,0.629657028909787,0.5294117647058822,0.22459488345313094,17.551946042876995,4.05195281471256,1.5321359508906887
0.1621882809604799,0.5407438551071655,0.5294117647058822,0.12683451718996228,15.505736349546034,2.029537320652682,1.1765749210479142
0.1814835860198476,0.46696311049200534,0.5294117647058822,0.0349521113915606,13.976732556989246,0.5059808748681808,0.9357609032647194
0.20747423453225616,0.37986631297243467,0.5294117647058822,-0.08881288152744206,12.343306401607256,-1.1409346239555664,0.7050542689910961
0.14190121557179874,0.7163035128561729,0.5294117647058822,0.22343958817428808,21.62249163442916,4.938659331331319,1.8522832750835274
0.16229496952483954,0.6120216266170094,0.5294117647058822,0.1263264757130975,19.13706648886397,2.4793277025086193,1.4240010923961248
0.1815065355812195,0.5260700077843043,0.5294117647058822,0.034842827691994566,17.265585709561968,0.6188158247739106,1.1293689216758016
0.20743384134538284,0.4251923214964545,0.5294117647058822,-0.08862053301749122,15.254558469384246,-1.3961155310604731,0.8437733728717475
0.14213727937525172,0.8002617550208773,0.5294117647058822,0.2223154967301972,25.623420964125305,5.80113793128412,2.159791521353533
0.16239949541112275,0.6801468425421545,0.5294117647058822,0.1258287349954116,22.722884729918857,2.9198829441851286,1.6654988117448029
0.18152912577331234,0.5817615829444153,0.5294117647058822,0.034735254959086324,20.522811145564173,0.7298591483256819,1.3203992064435635
0.2073939007672688,0.46705688009848056,0.5294117647058822,-0.08843033963956534,18.14523629929171,-1.6483844655416742,0.9815633843390484
0.14236717567412102,0.8826735236380308,0.5294117647058822,0.22122090271249195,29.558390042079314,6.640716902164389,2.4547742483549344
0.16250195021150318,0.7462852745271699,0.5294117647058822,0.1253408725876333,26.26501205623068,3.3515867502535537,1.900518794779766
0.181551368584549,0.6351737079315912,0.5294117647058822,0.03462933831912542,23.749438213565835,0.8391692658693147,1.5082831670464123
0.20735440239274683,0.5064924130776471,0.5294117647058822,-0.08824225249935108,21.015920806058258,-1.897812530179343,1.118354011877989
0.14259129138512558,0.9641900425620973,0.5294117647058822,0.22015435959515794,33.430478452423294,7.45846853719919,2.7375327693669216
0.16260242528678015,0.8111463381015062,0.5294117647058822,0.12486251327597189,29.76504675112078,3.7747747256880286,2.1288534141442708
0.18157327492611383,0.6870106929988513,0.5294117647058822,0.03452502916928979,26.946376186720794,0.946798596985659,1.6926259300910744
0.20731533608050726,0.5441494019384915,0.5294117647058822,-0.0880562252544776,23.867091988180253,-2.1444663096729237,1.2539143089340663
0.14281004476357206,1.0451532283353777,0.5294117647058822,0.21911478983867327,37.24200805298807,8.255116837269167,3.008220721884397
0.16270102340826606,0.8751710056291084,0.5294117647058822,0.12439335322178421,33.224297156333414,4.189699833404916,2.3503927316795035
0.18159485754553362,0.7377237099283414,0.5294117647058822,0.034422285016486455,30.114401613819346,1.0527918402116931,1.873193579160084
0.2072766911049409,0.580462615663248,0.5294117647058822,-0.0878722167593967,26.699167345805474,-2.3884045188687497,1.3880083519458628
0.14302390771236906,1.1257904924922704,0.5294117647058822,0.21810155604527792,40.99428041328023,9.030976153097072,3.2666496840656185
0.16279786626676385,0.9386430177110859,0.5294117647058822,0.12393320079173098,36.643650988758964,4.596502985700209,2.564977595777996
0.18161613172454052,0.7876391363641563,0.5294117647058822,0.034321077332568665,33.25411206723824,1.157177782597378,2.0497784041690066
0.20723845460191892,0.6157384763464814,0.5294117647058822,-0.08769019713885097,29.512498566541904,-2.6296742454288315,1.5204356229418006
0.1240253437223929,0.47178585165801395,0.5294117647058822,0.25269781874952385,10.336393952430837,2.738820335688745,1.0395179512950898
0.14772085119618347,0.40200074611593356,0.5294117647058822,0.14738445220095872,8.809696862020713,1.3730638821130075,0.7624893131203031
0.16972672052903126,0.3448969269403649,0.5294117647058822,0.04958058850354722,7.757727894574207,0.4098818250190186,0.5942330878081156
0.19898597466089754,0.27915578841641664,0.5294117647058822,-0.08046054097342387,6.708036447879771,-0.5809152441640996,0.44476485637801927
0.12438010626651375,0.5792645683636491,0.5294117647058822,0.25112110036092655,15.072595959344381,3.9085466028300595,1.4589279972091684
0.14787472841616134,0.49251343196113806,0.5294117647058822,0.14670055344452454,12.868718608913213,1.961066610644484,1.06058743847503
0.16976578575172413,0.4218073790682011,0.5294117647058822,0.049406965286479476,11.331674297362033,0.5847223043987717,0.8156126089033805
0.19894357104051216,0.340116532758866,0.5294117647058822,-0.08027208044148865,9.785463654939877,-0.8261591702410074,0.5987186266708536
0.12472215635242456,0.6773664792006285,0.5294117647058822,0.24960087385999494,19.69460316310546,5.0358266895279815,1.8593287746508131
0.14802477216800763,0.5732800495256813,0.5294117647058822,0.14603369232766691,16.861827412615742,2.5342013173908335,1.3525604763877352
0.16980413990313767,0.48902040788805684,0.5294117647058822,0.04923650241426943,14.863487144938308,0.7563232843450729,1.034070764034978
0.1989016906151744,0.3920749659912597,0.5294117647058822,-0.08008594525207441,12.837286392888098,-1.0683086625107046,0.7489690556935229
0.12505246932775216,0.770789527776066,0.5294117647058822,0.24813282548473445,24.211243746774873,6.12395801983311,2.23907211608799
0.14817118155785905,0.6488496019129352,0.5294117647058822,0.1453829842168592,20.79295079154806,3.093268751299174,1.6365038605460185
0.16984180948092512,0.5507937630744664,0.5294117647058822,0.04906908205530007,18.355487552513033,0.9248141031519193,1.2495999291454538
0.1988603202575994,0.43871952405267267,0.5294117647058822,-0.07990207696133372,15.865132333613104,-1.3074495893427085,0.8978064194548208
0.1253719105606842,0.8616685985766133,0.5294117647058822,0.24671319128592403,28.629903282272537,7.175795846059654,2.5986803859756105
0.14831414046193062,0.7213572120926047,0.5294117647058822,0.14474761774481107,24.66521725231399,3.6389907912176263,1.9113589738108157
0.16987881948084013,0.6091840534240006,0.5294117647058822,0.04890459324846184,21.809295939003686,1.0903131096668284,1.4613394014313295
0.1988194472843024,0.4818853792727441,0.5294117647058822,-0.07972041933465142,18.869897204014315,-1.5436632664105527,1.0455691396533993
0.1256812927996008,0.9511063186489713,0.5294117647058822,0.2453387887877015,32.95682098915875,8.193699428785147,2.939186565966382
0.14845382443126917,0.7919765505421447,0.5294117647058822,0.14412686057948582,28.48133920555836,4.172009725352477,2.176820745954142
0.1699151941045931,0.6653421049660744,0.5294117647058822,0.048742931944143,25.22626866121118,1.252929034959011,1.6686695023459384
0.19877905956569744,0.5226184471704135,0.5294117647058822,-0.079540918610863,21.852244165663233,-1.7770262218755604,1.1920524529007268
0.1259814304729931,1.0396924939939738,0.5294117647058822,0.2440071769637489,37.196933070048125,9.179398498532542,3.2613901474354465
0.1485904118880496,0.8613962870093481,0.5294117647058822,0.14352009535689605,32.243638522101556,4.692853963113249,2.432880406698965
0.16995095746720718,0.7199664368961153,0.5294117647058822,0.04858400556697745,28.607596634973028,1.412758510236987,1.8712226306946078
0.19873914468954454,0.5615782948682652,0.5294117647058822,-0.07936352399492126,24.812729959554712,-2.0076087409106416,1.3369533100923447
0.1262731843446802,1.1277484300105338,0.5294117647058822,0.2427167952435111,41.35352459310538,10.133895032146576,3.565527104469332
0.14872410210946418,0.9300412112903733,0.5294117647058822,0.14292688001218115,35.953895230224546,5.201881084913458,2.6795053966016327
0.16998613680817695,0.7735209713780432,0.5294117647058822,0.04842774100524002,31.95427433933274,1.5698746720525243,2.068780197692737
0.19869968981382333,0.5992035350228787,0.5294117647058822,-0.07918819258239117,27.75184157639274,-2.2354724784028126,1.4800111757259744
0.12655747015504507,1.21539625046858,0.5294117647058822,0.2414669497615048,45.42795143048427,11.057498125666894,3.8512809378715622
0.14885512916227864,0.998178896949799,0.5294117647058822,0.14234700504918107,39.61311547247418,5.699237334911663,2.9164784292926687
0.1700207655826075,0.8263132584791055,0.5294117647058822,0.048274098208154884,35.266998157433015,1.724320747323195,2.2611347131370816
0.19866067885203834,0.6358026254810799,0.5294117647058822,-0.079014896485667,30.669977101555222,-2.4606623781277364,1.6209983935913383
0.10575064313498997,0.5122524256851709,0.5294117647058822,0.279960555672042,11.946418047912235,3.4834556355073802,1.3205453818873332
0.13261858421676023,0.4295210497841924,0.5294117647058822,0.1680108010576918,9.723225142988134,1.718281084882684,0.8917802164887627
0.15740828731476067,0.3634728918120651,0.5294117647058822,0.06472037147947596,8.311870572122242,0.5708186773340596,0.6602770717614329
0.19006872682393816,0.28930303166755145,0.5294117647058822,-0.07136479313896806,6.994760923361508,-0.5356583544141431,0.47266739195593965
0.10624629840752135,0.6271778587150257,0.5294117647058822,0.277895325868369,17.370612922115296,4.961208492584482,1.8515332627179246
0.13283082717338618,0.5248038044729988,0.5294117647058822,0.167126455468452,14.197258255784122,2.455479436284965,1.2468038415642602
0.15746811766134003,0.44342545311103293,0.5294117647058822,0.06447107837331831,12.145645169315575,0.8153546425765219,0.9108679960464915
0.19002597931570644,0.3518767328062233,0.5294117647058822,-0.07118667852132364,10.209822288284537,-0.7628020631450375,0.6380678129573687
0.10671902914079788,0.7328535001942981,0.5294117647058822,0.2759256172288779,22.618586046749364,6.369773136628182,2.34462111850131
0.13303671585071716,0.6103728539058063,0.5294117647058822,0.166268585953494,18.581560464619095,3.1702906299135307,1.5906930901708125
0.15752670657903065,0.5136021883416245,0.5294117647058822,0.06422695807770579,15.927216044837389,1.0547291572767112,1.1578398452855894
0.18998380248432523,0.40530766200011953,0.5294117647058822,-0.07101094172123965,13.395993122134485,-0.9868455526787934,0.8001041639839137
0.10717113742767863,0.833983645187549,0.5294117647058822,0.27404190109656756,27.70768162047635,7.71615005571332,2.801573171274221
0.1332366508167166,0.6908321885078945,0.5294117647058822,0.16543551931009443,22.882137544895237,3.8641708672342623,1.9211085769445446
0.1575841072721769,0.5783563956669197,0.5294117647058822,0.06398778838981431,19.65947091047443,1.289176468987506,1.4002640300839664
0.18994218072914093,0.45337647882470733,0.5294117647058822,-0.07083751774764191,16.554991897189986,-1.2078824222588178,0.960720927648868
0.1076046203528793,0.9326628912602697,0.5294117647058822,0.27223632550442256,32.652089178942724,9.006047741819925,3.2257096929037656
0.13343100719630727,0.7683333515449877,0.5294117647058822,0.16462574038534922,27.103945981888327,4.538407291652751,2.2374790162233813
0.15764036999901615,0.6397696939895445,0.5294117647058822,0.06375336168078997,23.3445792101645,1.5189105528621127,1.6370532548575105
0.1899010990711144,0.49794905416800783,0.5294117647058822,-0.07066634435094399,19.687823731462217,-1.4260003620866333,1.1199953991697438
0.10802131344802553,1.0299265885558508,0.5294117647058822,0.2705028529778148,37.46309033502955,10.243767078247988,3.6197423110926032
0.13362012905802143,0.8440319368237417,0.5294117647058822,0.16383796288018698,31.25127348215192,5.1940987879496925,2.5400250301240916
0.15769554257496285,0.6989956526132515,0.5294117647058822,0.06352348824772272,26.984405156135388,1.7441231384662383,1.8676011005216757
0.18986054316644133,0.5400899566589394,0.5294117647058822,-0.07049736228691421,22.795262243455987,-1.6412809116384903,1.2775790043181632
0.10842300095076943,1.12631296756172,0.5294117647058822,0.2688374641332871,42.14873224175779,11.432104203342286,3.9851533909808636
0.13380437198613238,0.9185967274477229,0.5294117647058822,0.16307119519282806,35.32761736773369,5.832071702883776,2.829027287764843
0.15774967461508435,0.7567440541673534,0.5294117647058822,0.06329800563424896,30.580562648743456,1.9649784484040127,2.0916369068063614
0.18982049841855647,0.5804636215431025,0.5294117647058822,-0.07033051690472113,25.87796869880163,-1.853798228510617,1.4331113084105112
0.10881145493431503,1.2220417323533286,0.5294117647058822,0.2672380368823106,46.71353712371254,12.572484063065561,4.322300984671219
0.13398413952431423,0.9924328486834244,0.5294117647058822,0.16232483436344464,39.33534827218016,6.452811158414851,3.1045140319122977
0.1578028225757199,0.8134685973286208,0.5294117647058822,0.06307680093884546,34.13433174390265,2.1815911999845703,2.308981767407766
0.18978094891468125,0.6195150480943552,0.5294117647058822,-0.07016576406157199,28.936515686380034,-2.0636159249280888,1.5863109723188076
0.10918840444042553,1.317128976143964,0.5294117647058822,0.26570378931559224,51.15865629739883,13.665331307123076,4.630925327925879
0.13415987535380067,1.0657277667197775,0.5294117647058822,0.16159875148205893,43.27546327235146,7.056419392054085,3.366098671194193
0.15785505465871,0.869466207005607,0.5294117647058822,0.06285983512105342,37.64649612168148,2.3940103047165477,2.519383855681481
0.18974187447589516,0.6575536494480061,0.5294117647058822,-0.07000308081487895,31.97135085089566,-2.2707750215538587,1.736928113062785
0.08626522564181964,0.5596620965291239,0.5294117647058822,0.3087638208712559,14.336573346499112,4.576496474411754,1.7946147864364952
0.11659388084440181,0.46113191681185794,0.5294117647058822,0.18982791825697504,10.934615451973947,2.1706456933060023,1.0781641984645118
0.14443520022462553,0.38432339450575975,0.5294117647058822,0.08064627362990867,8.99299079966564,0.7660707519116446,0.7455816900843488
0.1807834374575581,0.300376925988093,0.5294117647058822,-0.06189583316689029,7.322426912880122,-0.4848186253855889,0.5052625770245396
0.08696982233027896,0.6828550753126799,0.5294117647058822,0.306000696612997,20.71357070324536,6.480221025130614,2.4879860584654443
0.11688758961885723,0.5618202785462714,0.5294117647058822,0.18867611916039378,15.94443346773301,3.1005536391305712,1.5122775222575453
0.14452315251332667,0.467641642602404,0.5294117647058822,0.08030136269389934,13.142441451770882,1.0953871708338772,1.034200301739551
0.18074128633561962,0.36467317510788205,0.5294117647058822,-0.061730534655724596,10.694168380319308,-0.6913125520832505,0.6843124759974915
0.08763043529891874,0.7968491993546962,0.5294117647058822,0.3034101015488412,26.79713170665795,8.263740488469729,3.105117586546585
0.11717042387904437,0.6528371174734457,0.5294117647058822,0.18756696558388883,20.82580787937157,3.9955575830949313,1.9250650180830977
0.1446089895520517,0.5411291078749823,0.5294117647058822,0.0799647473155472,17.22522786589054,1.4166525367131004,1.3173240894871905
0.1806997483839271,0.41968932007375964,0.5294117647058822,-0.06156764072129163,14.032874470978015,-0.89473662577108,0.8603128250263754
0.08825311502886891,0.9063349611115568,0.5294117647058822,0.30096882864756697,32.626159853873986,9.943406027420634,3.657903989946886
0.11744325162687551,0.7388364631258564,0.5294117647058822,0.18649706831867574,25.589004081102008,4.858485133922526,2.3150829413386607
0.14469281769567502,0.6092214898765468,0.5294117647058822,0.07963600932337382,21.24522640294153,1.7302904275740418,1.5931214546487233
0.18065880523496516,0.4692982548193223,0.5294117647058822,-0.06140707935510383,17.34040227548142,-1.0951919843583569,1.0347434245636828
0.08884285608043575,1.0133313906271832,0.5294117647058822,0.298659703211875,38.230246917435366,11.531220063552682,4.155636529932369
0.11770684839155171,0.8219614054290466,0.5294117647058822,0.18546351712885245,30.242600519679275,5.691746149368867,2.6830954858288396
0.1447747365551115,0.6740183405571771,0.5294117647058822,0.0793147641051468,25.205527687155744,2.03668199077193,1.8604453146391091
0.1806184394968214,0.5153981959767696,0.5294117647058822,-0.061248781961610876,20.61791308871695,-1.29277209784272,1.2073881116456469
0.08940401760753657,1.1188360891803082,0.5294117647058822,0.29647130608766137,43.630573430470626,13.035203173407668,4.6039172385970355
0.11796195055800697,0.9033458931603011,0.5294117647058822,0.18446398544935153,34.79369842481512,6.4972525534260965,3.0302598741290465
0.14485484154708608,0.7366864488023714,0.5294117647058822,0.07900067066138017,29.108809250668234,2.336163917431812,2.118887117660994
0.18057863381225106,0.5590699664077685,0.5294117647058822,-0.06109268359963761,23.866329648805703,-1.4875642268073512,1.377761088136747
0.08994054265701926,1.2232509363077986,0.5294117647058822,0.29439707678065735,48.840331138341334,14.460137766775397,5.0055042757588355
0.11820930868627949,0.98362989688847,0.5294117647058822,0.18349692500463485,39.24761731607594,7.2762877267704225,3.3572705290760463
0.14493323286625734,0.7979250369972494,0.5294117647058822,0.07869346021750272,32.95732312626954,2.6290029288453742,2.3683248453718924
0.18053937247155272,0.600984192835313,0.5294117647058822,-0.0609387271297529,27.086464707706376,-1.6796456133155038,1.5454593430954349
0.09045597937807685,1.3266706165221216,0.5294117647058822,0.29243348360426,53.865919826813865,15.80867238524288,5.36177421367384
0.11844971764770074,1.0631409774243774,0.5294117647058822,0.18256167550117372,43.607461161902755,8.029464701690529,3.6641220608960787
0.1450100243475908,0.8581790477443477,0.5294117647058822,0.0783929808065711,36.75272179413192,2.9153629588233136,2.608620939466382
0.18050063261679358,0.6415882221538034,0.5294117647058822,-0.06078686673738412,30.278972631666132,-1.8690790467001035,1.7101749357559144
0.09095346928026497,1.4289661313096524,0.5294117647058822,0.2905778179920535,58.708812652949554,17.082390160038216,5.673966867227503
0.11868400984287586,1.142097643210756,0.5294117647058822,0.18165836202263172,47.87389114350546,8.756812526699784,3.9502496652169508
0.14508535359939906,0.9177329516558761,0.5294117647058822,0.07809923453320915,40.49577417336911,3.195279893763086,2.839406856061714
0.18046239253157403,0.6811899150177635,0.5294117647058822,-0.060637090495880244,33.444378936717094,-2.0559005087046165,1.8716509500824106
0.06557433613679356,0.6143230369592569,0.5294117647058822,0.3388314344236134,18.186209086793873,6.318137514532799,2.682914206515528
0.09958190184730695,0.49762217767163663,0.5294117647058822,0.21287748771080378,12.611659157332728,2.789881537372706,1.3644449065958666
0.1307580665048602,0.4078423692620333,0.5294117647058822,0.0974102112031805,9.849548240306769,1.008521100564143,0.859684350760639
0.17110717344698598,0.3124970620688352,0.5294117647058822,-0.05203092562067862,7.700416037878632,-0.42716968574913483,0.5438468783673573
0.0665958124595797,0.7457563351413892,0.5294117647058822,0.33504821040904453,25.910088396041214,8.82261671413507,3.602471380766708
0.09999192964021103,0.604359239138068,0.5294117647058822,0.2113588669299679,18.33293771427764,3.975852507557975,1.9106557288028323
0.13088437439737513,0.49489857970904,0.5294117647058822,0.09694240419249409,14.389691269782478,1.4429285415231867,1.1988726754648524
0.17106683823675597,0.3786360179021567,0.5294117647058822,-0.05188153595371481,11.252045189573506,-0.6098959247764186,0.7393871410366534
0.06752719767095947,0.8679043478574798,0.5294117647058822,0.33159932188397484,33.10511494566043,11.103781180837675,4.3682378152854495
0.10038251702372182,0.7014486824590225,0.5294117647058822,0.20991225118396745,23.859000762044506,5.104855978596413,2.415560114499114
0.13100708973698713,0.5720891002603503,0.5294117647058822,0.0964879029620509,18.84161434000375,1.8647851444136967,1.5284843162763746
0.1710271476075478,0.4353643017987838,0.5294117647058822,-0.05173453362355356,14.765322802487477,-0.7896394132236854,0.9320974906858085
0.06838611069547582,0.9854684362164051,0.5294117647058822,0.3284236344689665,39.8688427987109,13.202906840651917,5.018306425434566
0.10075568460454618,0.7935779381562388,0.5294117647058822,0.20853025637546974,29.209617450114006,6.182824652059393,2.881547539907075
0.13112642925762016,0.6439148113213349,0.5294117647058822,0.09604590396327667,23.210998134389893,2.2748736543538532,1.8461030701742946
0.1709880802164443,0.4866445921449852,0.5294117647058822,-0.051589839590850554,18.242317784056723,-0.9665080421329167,1.122860416584366
0.06918574034003208,1.1003494620759586,0.5294117647058822,0.32548314811394513,46.2659912418536,15.146039329152373,5.574031806611728
0.10111319063737485,0.882873626652161,0.5294117647058822,0.2072069907042709,34.400788096639445,7.214480437358644,3.3123189651165084
0.13124259552809142,0.7124982593308998,0.5294117647058822,0.09561568426186605,27.50253577760892,2.6738852843283363,2.150919430751632
0.170949615981115,0.5344072443738224,0.5294117647058822,-0.05144737912232121,21.684415784625177,-1.14060065735501,1.3111374286295019
0.06993649424597749,1.213460473358113,0.5294117647058822,0.32275580792508496,52.33679833290951,16.94909499438094,6.046937649362838
0.10145666979290381,0.9704314921913235,0.5294117647058822,0.20593831198350404,39.44481586999004,8.203194730908567,3.7105785220283947
0.1313557792175489,0.7790022844603081,0.5294117647058822,0.09519664192621952,31.720266337978348,3.0624038071407362,2.4429388518202217
0.17091173479816535,0.5797463117474939,0.5294117647058822,-0.051307081999139685,25.092753558940927,-1.3120082573973624,1.4963333860597217
0.07064676552011495,1.3250571151225023,0.5294117647058822,0.32022774764463147,58.10414989244422,18.62220505291675,6.444413547791559
0.10178771657112931,1.0568277413736764,0.5294117647058822,0.20472200627554418,44.3498703689979,9.150958296875846,4.077534358380273
0.13146618549172948,0.8441188352568808,0.5294117647058822,0.09478835695446927,35.86739904653973,3.4408497983869437,2.72224557138677
0.17087441655981275,0.6233411061098264,0.5294117647058822,-0.0511688886501724,28.468321782934645,-1.4808105499482367,1.678009905230682
0.07132334213535836,1.4350947395361786,0.5294117647058822,0.3178867831226951,63.58041480671362,20.17279877884416,6.773006010691915
0.10210790568369922,1.1423850365977275,0.5294117647058822,0.20355750428455224,49.119769437547305,10.05861131216962,4.41324680673776
0.13157404511287019,0.9082766873650634,0.5294117647058822,0.09439067492946755,39.94599805228467,3.8094337518632866,2.9886854388465727
0.17083763806363203,0.6656368420033357,0.5294117647058822,-0.05103275941297237,31.811942697931723,-1.6470668089931246,1.8558626393769826
0.07197169321745128,1.5433203054412987,0.5294117647058822,0.3157187381459007,68.7731382807232,21.60736142338846,7.039612810779045
0.10241874091882822,1.2271963544434314,0.5294117647058822,0.20244515578420164,53.754496494716655,10.926266468892958,4.717351923112325
0.13167962314780524,0.9717466458285299,0.5294117647058822,0.09400373724003439,43.956624810858095,4.168138454924067,3.241705069269245
0.1708013682762521,0.7069490190993489,0.5294117647058822,-0.050898693259686836,35.12415083265378,-1.8108045229629919,2.029602793483311
0.043892761131773775,0.672533046172463,0.5294117647058822,0.3692101385436247,25.07831039386605,9.403223289584476,4.553173749736466
0.08153342946263786,0.5397237791525923,0.5294117647058822,0.23713760630000155,15.068408178607132,3.6876050506117326,1.8400702456082911
0.11632500103014912,0.4345043860131623,0.5294117647058822,0.11506191588996856,10.957591996090922,1.3183744948477811,1.0190373072324614
0.16101517138120947,0.3258027838984784,0.5294117647058822,-0.041745699372701645,8.141187054075607,-0.36108557005312086,0.5902404055012888
0.045382536178801815,0.8098697170370653,0.5294117647058822,0.3639837866061026,34.62680078544821,12.718868340610397,5.694501853514747
0.08211385266483741,0.6529331303635599,0.5294117647058822,0.23510103333982896,21.761877344005157,5.223793616632081,2.5463064625946688
0.11650426145635147,0.5257075203776806,0.5294117647058822,0.11443293178203177,15.991754073994713,1.8859328196540186,1.426892196902412
0.16097824617728795,0.3939180018023351,0.5294117647058822,-0.04161613725886195,11.901347808568554,-0.5161796014886837,0.805992448819044
0.046682881489134194,0.9380185938422578,0.5294117647058822,0.359431841820516,43.18030157676176,15.605069438451261,6.547495139702063
0.08265757321106326,0.7564661739270032,0.5294117647058822,0.2331933068093571,28.137281904829557,6.66163902493725,3.1721089094764614
0.11667734485974747,0.6070210163843546,0.5294117647058822,0.11382562274598801,20.904117798059854,2.4336364783171334,1.8170536166744267
0.16094197535914814,0.45249968018403997,0.5294117647058822,-0.04148887118474722,15.616207899308359,-0.6684678498913074,1.0189066794041368
0.04784633031966889,1.0614963571404772,0.5294117647058822,0.35539461410080975,50.98861715465463,18.16644993311007,7.205807996987903
0.08316975203183996,0.855021290676713,0.5294117647058822,0.23139700235320954,34.237404450864446,8.014644936902895,3.7303565310606777
0.11684471105084379,0.6829970677571117,0.5294117647058822,0.1132383824946509,25.703841536186165,2.962991685729284,2.187496756061398
0.16090633466829007,0.5055977817689461,0.5294117647058822,-0.04136381619817231,19.28816310276687,-0.8180624775773107,1.2291367038919028
0.04890628228451852,1.1821344680182664,0.5294117647058822,0.351787788566242,58.188732287276366,20.460593404382603,7.713610989511199
0.08365466537215081,0.950697222387361,0.5294117647058822,0.22969990745433141,40.09418123466296,9.292404098119063,4.230529906709205
0.11700677729264271,0.7557742102217192,0.5294117647058822,0.11266983366179197,30.398587768516972,3.4752854406516662,2.538405821410478
0.1608713015661569,0.555174110883392,0.5294117647058822,-0.04124089264559738,22.918930979616523,-0.9650657206961172,1.435824637915281
0.04988562762554891,1.300618889103975,0.5294117647058822,0.34855688976333793,64.8582142719543,22.52344393826647,8.09816432927956
0.08411606974310551,1.0445283220539454,0.5294117647058822,0.22809487672694398,45.729489870337765,10.50099471421921,4.677908747705969
0.11716394785231762,0.8265074338829366,0.5294117647058822,0.11211892125982117,34.99468087548953,3.971522581015829,2.8704848312317566
0.1608368528762969,0.602334547775212,0.5294117647058822,-0.04112002723972773,26.509950068021535,-1.1095703013630613,1.6382931258375861
0.05080076421597004,1.4170735065831026,0.5294117647058822,0.3456547894414214,71.04562615940041,24.38113259141661,8.38106264735506
0.08455734064717914,1.1370867927532853,0.5294117647058822,0.22657874145130452,51.15592470998912,11.643821850193662,5.074933317602628
0.11731664670269074,0.8958734360037113,0.5294117647058822,0.111585061014218,39.49673887005325,4.452344089098945,3.184093187637976
0.16080296593370472,0.6477609023420305,0.5294117647058822,-0.04100116139094585,30.062477264331022,-1.2516541087731639,1.8361165619080408
0.05166378015373726,1.5313337768347388,0.5294117647058822,0.3430346400718561,76.78732158536239,26.055023962440323,8.581073785983492
0.08498148988798011,1.2285182469123532,0.5294117647058822,0.225150283557414,56.378569292242986,12.722716030036873,5.422938879105655
0.11746533423419514,0.9642742758069973,0.5294117647058822,0.1110682201228368,43.90719368780283,4.917987084681246,3.478954338541618
0.16076961291310018,0.6919070907188102,0.5294117647058822,-0.04088426485597007,33.57749555798236,-1.391370414441126,2.0289858637762266
0.05248377066768386,1.643066236436665,0.5294117647058822,0.3406503174477762,82.11545204769308,27.563761549742043,8.71450090691162
0.0853911379811719,1.3188846740662097,0.5294117647058822,0.22380810750435204,61.3976621999677,13.738882787043918,5.723631898857183
0.11761050288500642,1.0319383569275928,0.5294117647058822,0.11056885787108862,48.22601192851717,5.368337307130183,3.7542896187042447
0.16073675754067931,0.7350829713520359,0.5294117647058822,-0.04076935431604799,37.05555448951339,-1.5287331987865038,2.216565981031694
0.022011298475095118,0.7175426048506308,0.5294117647058822,0.39721938750750296,38.74040055042636,15.451835805663192,8.679158972004913
0.06245009992197248,0.5874091500239781,0.5294117647058822,0.2624212361080671,18.948182794890485,5.092005278814853,2.7095509139937746
0.10108391530362083,0.46484808168289576,0.5294117647058822,0.13364185094880446,12.442881892686017,1.7290380134208732,1.2537279294925738
0.15048070610745093,0.3404534716888429,0.5294117647058822,-0.031014118392088782,8.661635645320846,-0.28436316129296313,0.6470706509709759
0.024048694547640102,0.8560250589965925,0.5294117647058822,0.3904572862770271,50.07662510207579,19.55720661035553,9.558466545643501
0.0632850356148367,0.7067582959539186,0.5294117647058822,0.2596381467489808,26.99339391791198,7.115886756632788,3.6337655746405435
0.1013375391616421,0.5606051250338875,0.5294117647058822,0.132796438866047,18.1171410445151,2.469578189715527,1.7565774718150224
0.15044929591418468,0.4106946315755894,0.5294117647058822,-0.030909417760569734,12.66619381687035,-0.40696199811379136,0.8879778465713236
0.025742323768918416,0.9861701064636959,0.5294117647058822,0.3849348969397404,59.73916665143017,22.920935401698234,10.10115822388654
0.0640465945256848,0.8163224456459706,0.5294117647058822,0.25710046011076815,34.48188306273154,8.959663889016298,4.401246236423653
0.10158025945921985,0.6464332408851153,0.5294117647058822,0.1319873730195302,23.61456777133279,3.1778206304275587,2.226308151368981
0.15041850978167606,0.47129066616498966,0.5294117647058822,-0.03080679731304523,16.616167752040138,-0.5270760124670812,1.1256010537721353
0.027214438251379713,1.1119087259315334,0.5294117647058822,0.3803037267005929,68.22825252346249,25.762854295455075,10.429545068465073
0.06474919961530991,0.9208256501260966,0.5294117647058822,0.2547646248729533,41.515580164474386,10.656075934404388,5.050154178299312
0.10181310692676977,0.7269402288610498,0.5294117647058822,0.1312112749740874,28.951500902495166,3.8568270570052254,2.663387586256609
0.15038832158902704,0.5263700612894904,0.5294117647058822,-0.03070617007457011,20.514468586663515,-0.6448160739652401,1.3592237375472553
0.028530530255649344,1.2348451714669426,0.5294117647058822,0.376361483609856,75.78980488317217,28.200119596244317,10.607431281617636
0.06540370519880342,1.0223131771225857,0.5294117647058822,0.25260545889950564,48.16061700240309,12.225215082338758,5.601130801039372
0.10203699733993443,0.8042632964053562,0.5294117647058822,0.13046545576129812,34.14129286495061,4.509055642590084,3.070146050046228
0.1503587068073027,0.5779266579136844,0.5294117647058822,-0.030607455302013784,24.363310209623908,-0.76028260135165,1.5877403904405036
0.029730512983408806,1.3554418267831907,0.5294117647058822,0.3729553638158644,82.57396709084298,30.308673842445675,10.678284609202034
0.06601867784153864,1.1217899168168015,0.5294117647058822,0.25060985777984957,54.45655751760268,13.679074042901563,6.065214932764699
0.10225280645578352,0.8795458799035061,0.5294117647058822,0.12974815273758705,39.194222629092394,5.13623896389245,3.448397302429364
0.15032964137338303,0.6270755204710767,0.5294117647058822,-0.030510581443381084,28.16459078811229,-0.8735647469629398,1.8104564558652378
0.030840705168706194,1.4736937164789499,0.5294117647058822,0.3699616781123381,88.68989178661381,32.1437102896754,10.673646020075065
0.06660100577909524,1.219666480047405,0.5294117647058822,0.2487697027566471,60.42481648239494,15.025374490961372,6.450047820687375
0.1024614194770508,0.9534360069737899,0.5294117647058822,0.12905871410351663,44.11688971700775,5.739320520545506,3.7987602211831093
0.15030109945482698,0.6745042248608473,0.5294117647058822,-0.030415496351794972,31.91991634145513,-0.9847334005399013,2.026992621049979
0.031879400151402094,1.5893247881477663,0.5294117647058822,0.36728156779453996,94.22539995312634,33.74791636272957,10.616476450980905
0.06715622267005576,1.316036121169453,0.5294117647058822,0.2470763519703837,66.07677532467463,16.27007067144459,6.7630086881152085
0.10266373387598199,1.0262974507807923,0.5294117647058822,0.12839747958736047,48.911873036166064,6.31856699072909,4.120842257281302
0.15027304974979844,0.7206686347914028,0.5294117647058822,-0.030322184386938508,35.63045248457282,-1.0938296481462708,2.237031154665739
0.03285982385793984,1.7020557555910334,0.5294117647058822,0.36483810759394486,99.25417957760575,35.15539829341358,10.523310973594883
0.0676887526849483,1.4108724914618596,0.5294117647058822,0.24551813943444856,71.42011836051718,17.41865527826989,7.012059756933605
0.10286063097216298,1.0983396840565571,0.5294117647058822,0.1277653419272034,53.578048168518684,6.873812141918797,4.413902685432743
0.1502454528514026,0.7658742420590309,0.5294117647058822,-0.03023068327052172,39.29669915752351,-1.2008538396004393,2.44016115786906
