shrinking_speed_steady_state,velocity_decay_timescale,equilibrium_density,P0_end_fit,lengthscale_density_end_fit,accumulation_end_fit,accumulation_timescale
0.0827708582858589,0.5940246884457118,0.5,0.36202040349856246,14.081991309158948,5.2718855491593875,2.0625954741583525
0.08277493685726843,0.5939499228981637,0.5,0.36200421863554355,14.080044526534655,5.270952281199057,2.0618865938310176
0.0827803735844155,0.5938499359295736,0.5,0.36198264454531764,14.077450110639464,5.2697088629634905,2.0609419982658865
0.0827876194376232,0.5937166641573596,0.5,0.3619538910479229,14.073993661546675,5.26805140146673,2.059682802764497
0.0827972748501702,0.5935388931315098,0.5,0.36191557592676776,14.069389942800901,5.265844409856764,2.0580071559357087
0.08281013813720901,0.5933027157179375,0.5,0.3618645318983101,14.063260442183667,5.262906053133471,2.0557785002247884
0.08282726863973335,0.5929882160397807,0.5,0.36179655288043394,14.055104663467468,5.258996488732747,2.0528159936077595
0.0828500731837421,0.5925696117774338,0.5,0.3617060586540573,14.04425939890842,5.253797399486625,2.048881306901976
0.08288041353631749,0.5920136866944112,0.5,0.3615856610957739,14.029851524931408,5.246890693471222,2.0436634017752007
0.08292074853292747,0.5912756356934947,0.5,0.3614256011001044,14.010735269338793,5.237727421638209,2.0367573877552867
0.08297431771404336,0.5902974983646601,0.5,0.3612130249478467,13.985412887209113,5.225590155493401,2.0276389620911504
0.08304536922604701,0.5890035131581185,0.5,0.36093107450038686,13.951942392219063,5.20954870210553,2.015636725541724
0.08313944544797176,0.5872964715783767,0.5,0.36055775615122415,13.907827573097954,5.188407555442267,1.999905091707674
0.08326372695054217,0.585052009263914,0.5,0.36006457647412105,13.849898557433137,5.160650518859839,1.979397863207716
0.08342743135548002,0.5821162971560989,0.5,0.35941495542678437,13.774195716000104,5.124384042054677,1.9528557467389873
0.0836422548079127,0.5782918051398388,0.5,0.3585624799625158,13.67587635564228,5.077295508122012,1.9188126594628436
0.0839228183174941,0.573349441937536,0.5,0.3574491336639304,13.549184622931458,5.016640700617482,1.8756513472014082
0.08428705178884403,0.5670196599268917,0.5,0.35600376328002253,13.38754086211037,4.939291422141473,1.8217100543395883
0.08475643320375474,0.5590025749623577,0.5,0.35414113418627063,13.183805314259915,4.841869316147765,1.7555061599294897
0.08535596552435054,0.5489828801728871,0.5,0.3517620415694856,12.930774096330694,4.720994034351297,1.6759644659630735
0.08611374453036243,0.5366553615627959,0.5,0.34875498202798183,12.62195135795198,4.573665895470257,1.5827791952211836
0.08706008898565852,0.5217571140376923,0.5,0.34499964689629203,12.25249798606228,4.397741183985773,1.4767033891931158
0.088226177603994,0.5041035352717379,0.5,0.3403723109108668,11.820246687189744,4.1924363380787995,1.359719129355535
0.0896423260061708,0.4836206036746439,0.5,0.33475267458017477,11.326517555928573,3.9587353781970585,1.2349867469623599
0.09133607658810357,0.4603616830201777,0.5,0.3280314421642721,10.776493405497547,3.699576270702154,1.1064779662534692
0.06893797785677608,0.7102531142280328,0.5,0.2179781452502346,16.807504297365963,3.764971731436176,2.865856211047971
0.0689404311464773,0.7101303403102468,0.5,0.21796178416315784,16.80473964680333,3.7640946099839314,2.8646217892043078
0.06894370079676772,0.709966790256566,0.5,0.21793997957692876,16.801056238429275,3.762925924260574,2.862979517484643
0.0689480579257839,0.7097489746011069,0.5,0.21791092550811653,16.79614953622711,3.7613692620547474,2.8607952303870077
0.06895386288448374,0.709458993031502,0.5,0.21787222162463357,16.78961562662627,3.7592965403787812,2.8578861621329508
0.06896159447674405,0.7090729211105591,0.5,0.21782068077228775,16.780918742855405,3.756537787466805,2.854017449705891
0.06897188776475624,0.7085594313243494,0.5,0.2177520771555133,16.769350559965304,3.7528688305797466,2.8488783236028246
0.06898558421550492,0.7078770390511646,0.5,0.21766081763852654,16.753975585801566,3.747993386858986,2.842059514193894
0.06900379589565978,0.7069712218170378,0.5,0.21753951851691644,16.73356363888216,3.7415223427637905,2.833027256257507
0.06902798850570016,0.7057705590640848,0.5,0.21737846399100302,16.706503630324555,3.7329463400460083,2.8210883634625996
0.0690600861249779,0.7041821681710972,0.5,0.21716492592509096,16.670699081811048,3.721603749200746,2.8053533275237097
0.06910260168827422,0.7020864939562177,0.5,0.2168823270022287,16.623443803884314,3.7066421288186464,2.784692704422644
0.06915879593940055,0.6993307456899377,0.5,0.21650923734370753,16.561280944273925,3.686975310113847,2.7577002944105655
0.06923286289131725,0.6957228085117141,0.5,0.21601823382273144,16.479857197704703,3.6612403378820937,2.722660907542295
0.06933013561689892,0.6910259553165767,0.5,0.21537467759634946,16.373795080134553,3.627762231027586,2.6775520268030664
0.06945729887460556,0.6849556380239272,0.5,0.2145355474465706,16.236613699981675,3.5845370430412524,2.6200913549925615
0.06962257586786703,0.6771811122705005,0.5,0.21344857067229303,16.06076321371402,3.5292543083726873,2.5478671650478355
0.06983584874316703,0.6673356461202296,0.5,0.21205197861240457,15.837837314476419,3.4593837641677556,2.4585819755391656
0.07010865073469243,0.6550367332255204,0.5,0.210275331291133,15.55904579109854,3.372346680190414,2.350406661155766
0.07045396910885962,0.639920006551805,0.5,0.20804182390570056,15.21599258355724,3.2657927204425663,2.2224504118136315
0.0708858078435293,0.6216827849107148,0.5,0.20527234513468243,14.801742310072747,3.1379665451906265,2.075235291440258
0.07141849974256914,0.6001361810637649,0.5,0.20189118075966928,14.312045509668863,2.988114811537282,1.9110604555183028
0.07206582135891462,0.5752339401179815,0.5,0.19783274893023878,13.746465058234374,2.8168449116036127,1.7340381712180866
0.07284001200988129,0.5471145066814921,0.5,0.19304832792792945,13.109108227611548,2.6263254809143293,1.5497824503501478
0.0737508386123352,0.5160798885815479,0.5,0.1875115630302886,12.408699311678552,2.420243895709876,1.3646986300189272
0.060959314725574226,0.9185413787220365,0.5,0.1349054116427006,18.941115858825693,2.615941045324802,3.618757111597971
0.06096079959771575,0.918312514073861,0.5,0.13489174860758812,18.937530855853403,2.6152003728926587,3.6169418992868354
0.06096277824429497,0.9180073896482552,0.5,0.13487354299061338,18.932755494839796,2.614213115065656,3.614521724984237
0.06096541481994851,0.9176015665730666,0.5,0.13484928657215403,18.926394551394537,2.612898930856735,3.611304014634221
0.06096892707718884,0.917061276763933,0.5,0.13481698079687301,18.917924308902897,2.611149956979231,3.607024465948508
0.06097360387901453,0.9163420617414755,0.5,0.13477397262542656,18.906653087135595,2.6088223623095006,3.6013345247913953
0.060979828196415876,0.9153875383177615,0.5,0.134716748915777,18.89166584285938,2.605727874001764,3.5937776110044584
0.06098810686668782,0.9141196628937327,0.5,0.1346406666859893,18.871755457942115,2.6016185656515245,3.583763427158825
0.06099910842310288,0.9124390678725492,0.5,0.13453961006468143,18.845338124161216,2.5961681232687432,3.5705065565222873
0.061013712363365724,0.9102152741526516,0.5,0.13440555294555487,18.81034233239147,2.5889522629556336,3.553005665512067
0.061033068047572275,0.9072824525726941,0.5,0.1342280251997396,18.76409028796918,2.5794213349228197,3.529982929418243
0.06105867302284764,0.9034247400044036,0.5,0.1339934500180739,18.703126497615806,2.56687045602728,3.4998120787564075
0.06109245821422604,0.8983740869627738,0.5,0.13368439861952502,18.62307179718997,2.5504097884503194,3.460508987192153
0.061136889309583484,0.8917999535305087,0.5,0.13327876191395482,18.518455719340125,2.528934083837723,3.4096788515318295
0.06119507400996779,0.8833033876917036,0.5,0.13274892994615387,18.382581905645985,2.5011005246886895,3.344535738961782
0.061270858677384576,0.872425185342649,0.5,0.13206113790563573,18.20749845484137,2.465336966226652,3.2620474197647655
0.06136890114254577,0.8586581012679414,0.5,0.1311751748042603,17.984107973253572,2.419875280211132,3.159131793545644
0.06149468431010571,0.8414786157606916,0.5,0.1300447794227879,17.702536052517846,2.3628496755280413,3.033047619596187
0.061654438401249796,0.8204010973584124,0.5,0.12861904324294995,17.352824157752153,2.2924676695191484,2.8819493488881065
0.06185493989980878,0.7950452256041108,0.5,0.12684508026776925,16.925974265554732,2.2072509985902085,2.7054906409098787
0.06210317019395369,0.7652122529897387,0.5,0.12467200194337691,16.415275817131025,2.1063355708554723,2.505400833630293
0.062405848741694796,0.7309467680522298,0.5,0.12205585954325313,15.8177003116886,1.9897613044801896,2.285800929883468
0.06276889141881398,0.6925681906205221,0.5,0.11896481583458149,15.1350378901355,1.858689527825771,2.053023343225382
0.06319687630746217,0.6506532784443367,0.5,0.1153835483402468,14.37441843302583,1.715451198741945,1.8149631448065264
0.06369259292749678,0.6059630795663976,0.5,0.11131600069191189,13.548031069937279,1.5633979455320146,1.5800163980617172
