shrinking_speed_steady_state,velocity_decay_timescale,equilibrium_density,P0_end_fit,lengthscale_density_end_fit,accumulation_end_fit,accumulation_timescale
0.3,1.0,0.002493765586034913,0.0,20.0,0.0,1.0
0.29988232812716387,0.9486177159881162,0.002493765586034913,0.00012803528884405922,37.41050419880489,0.004849986436231812,1.8850039620012162
0.2997519549085233,0.9970672284625517,0.002493765586034913,0.0002699273519061698,37.42601916882907,0.010229208436390998,1.9438854397658294
0.299606706857642,1.0544167521807328,0.002493765586034913,0.0004280542193560149,37.443378880418145,0.016229228784106767,2.0095656594633424
0.2994438847202452,1.1207003288545316,0.002493765586034913,0.0006053706279405783,37.46282726117277,0.022964115621161005,2.083260915552806
0.2992600942000413,1.1974152167365344,0.002493765586034913,0.0008055947327269414,37.48479961455836,0.0305776278247159,2.166508021063477
0.2990510068856877,1.286896551302828,0.002493765586034913,0.0010334715180013853,37.50983757192349,0.03925359258878657,2.2612862805149385
0.2988110154172839,1.3923428423268063,0.002493765586034913,0.001295152956506723,37.538612750605225,0.0492310991323873,2.3701838704666023
0.2985327234253999,1.5176833674004313,0.002493765586034913,0.001598761664413071,37.57203282968228,0.060826400864836934,2.4965663593456733
0.2982061704442848,1.6683529996697086,0.002493765586034913,0.001955248412332352,37.611325839462886,0.07446769484227987,2.645061716317451
0.2978176160501212,1.8515730566582818,0.002493765586034913,0.002379739325096314,37.65818540635586,0.09074847153085898,2.8220350417044684
0.29734755962800136,2.077440083170576,0.002493765586034913,0.0028937349768497077,37.71502942434982,0.11051622063511471,3.036583146384158
0.29676737087359156,2.3604164178844766,0.002493765586034913,0.0035288610710606984,37.785424888200694,0.13502429043977845,3.302168017905526
0.2960332496164947,2.7222177828073253,0.002493765586034913,0.0043336094261745,37.87480487069043,0.16620877174521567,3.639651970209548
0.2950746069827473,3.197211074132848,0.002493765586034913,0.00538637609862038,37.992355472534186,0.20722249455115854,4.082966756805334
0.2937700991247804,3.84418250282609,0.002493765586034913,0.00682240277718911,38.15330153663813,0.2635731184241218,4.691666483844059
0.2918918111182198,4.773705702115212,0.002493765586034913,0.008897094047653006,38.38748250498373,0.34581288721722014,5.580218425329264
0.28895634945526155,6.223484237117338,0.002493765586034913,0.01215629581629686,38.75923451870308,0.4770026756015966,7.000073607844212
0.28373128319399815,8.816504880573092,0.002493765586034913,0.018009162731637194,39.438906157531996,0.7188286676418677,9.628463793059916
0.27192376831820225,14.8317480975674,0.002493765586034913,0.03148706280841521,41.06514245200203,1.3073191195380718,16.072933847412394
0.22663980537744724,38.77447490883525,0.002493765586034913,0.08676744497146321,48.70717867508471,4.324665016031033,48.018693106001095
0.3,1.0,0.002493765586034913,0.0,20.0,0.0,1.0
0.29976581721836887,0.9575307466435525,0.002493765586034913,0.00012703214332723012,37.42439399350183,0.004813747284443348,1.8855683053241818
0.29950698187424435,1.007214243429111,0.002493765586034913,0.00026770119399500405,37.455273792202334,0.010152632028307532,1.9450770927761278
0.2992193285724387,1.06504499338812,0.002493765586034913,0.0004243271490805602,37.48968248330258,0.016107488077152857,2.0114946856290605
0.29889769780655184,1.1311891553297606,0.002493765586034913,0.0005997877189835164,37.52821378814926,0.02279137228064769,2.086024261904278
0.2985356205935765,1.2076287832557198,0.002493765586034913,0.0007976966844865652,37.571684705199196,0.03034682011186576,2.1702480695728528
0.29812487512781366,1.2966852128453386,0.002493765586034913,0.0010226551347832197,37.621116574761665,0.03895606768601061,2.2661833778997145
0.29765484999389286,1.401384560506104,0.002493765586034913,0.0012806135750352751,37.677849455357126,0.04885585851734821,2.376439231901674
0.29711160896566113,1.5257140631143713,0.002493765586034913,0.0015794047211869827,37.74362674656141,0.06035972140634772,2.5044889214928907
0.2964764782311172,1.6748933323580892,0.002493765586034913,0.0019295522947235773,37.82082144408558,0.07389139220344289,2.6550116251993243
0.2957238483226372,1.8560502988899503,0.002493765586034913,0.002345533655227167,37.91270349914591,0.09003826164366194,2.8345108560167804
0.29481762717739324,2.0790740309996867,0.002493765586034913,0.002847827888844095,38.02392617810894,0.10963846901775436,3.0522766638623726
0.2937052718042834,2.3581526925882934,0.002493765586034913,0.0034663820015882704,38.16133652594609,0.1339306186854398,3.3220697072129637
0.29230722389648905,2.71454665943151,0.002493765586034913,0.00424679055129996,38.33544438671715,0.16482474964972338,3.6651706853219572
0.2904970258598138,3.1819277349323363,0.002493765586034913,0.005262030017631019,38.563232534068796,0.20542819739184476,4.116366716636897
0.28806088985727046,3.8175672322621703,0.002493765586034913,0.006636595445628177,38.874063281348874,0.2611523161952442,4.736547754793258
0.284606977933169,4.728234250064576,0.002493765586034913,0.008601490932578455,39.32335502089228,0.3423260377441164,5.6426728307263545
0.2793329231290484,6.140747978700941,0.002493765586034913,0.0116382642107095,40.02959956133934,0.47136152718088875,7.091117261560909
0.270308039469858,8.632976988605813,0.002493765586034913,0.016939147516327156,41.29805003484867,0.7073455329344459,9.765334175618959
0.251542200614077,14.170382519665313,0.002493765586034913,0.02840970120752749,44.206069244962926,1.2675887409378606,16.201669230585388
0.1968118433741011,31.55791091152208,0.002493765586034913,0.0659834986155456,55.45798103948347,3.7056122422136997,43.011645539421515
0.3,1.0,0.002493765586034913,0.0,20.0,0.0,1.0
0.2996504456667604,0.9680991312071446,0.002493765586034913,0.00012603881940636964,37.438158338319184,0.004777835122706537,1.8861290879492372
0.29926499861888717,1.0181325036675506,0.002493765586034913,0.0002655022253064818,37.48421703261013,0.010076874756791294,1.946263005144777
0.29883766684544205,1.075818112994098,0.002493765586034913,0.00042065522334088407,37.53541419924739,0.015987251174350018,2.013408806467345
0.29836104643564587,1.141809933745121,0.002493765586034913,0.0005943025828883978,37.592680106748816,0.022621078180736786,2.0887691645486157
0.2978258798420648,1.2179430133598692,0.002493765586034913,0.0007899597802885655,37.657187580447314,0.03011971290217445,2.173958473031642
0.29722043736404496,1.3065979522862454,0.002493765586034913,0.001012093193702002,37.73042850464077,0.03866386765571206,2.271035131038038
0.29652963305079366,1.4106848781521875,0.002493765586034913,0.00126646510579774,37.81434894573534,0.04848815376881037,2.382637523721627
0.29573373321972596,1.53407793914239,0.002493765586034913,0.0015606395180253296,37.91149337815398,0.05990331780376337,2.5123114638332784
0.2948064176896782,1.681941397094795,0.002493765586034913,0.0019047465631271772,38.025306005939086,0.07332910615983126,2.6648210686168006
0.29371178488690525,1.861254139508114,0.002493765586034913,0.0023126700790786926,38.160529662439444,0.08934709975477015,2.8467914774020566
0.29239956002381995,2.081737777750175,0.002493765586034913,0.0028039625893289503,38.32389659318427,0.1087866761396989,3.0676962789464963
0.2907971132759368,2.3573375673473573,0.002493765586034913,0.0034070636544793298,38.52528626673152,0.13287250426873248,3.3415752293467595
0.2887955041439256,2.7089499331654636,0.002493765586034913,0.004164989070861564,38.77981066539295,0.16349113784978708,3.690156393933092
0.28622361398259794,3.1696424120494084,0.002493765586034913,0.005146020037414752,39.111786462143485,0.20370635285997044,4.148972403495924
0.28279658574659994,3.7952491842785476,0.002493765586034913,0.0064653850769276645,39.56298635093294,0.2588432324220381,4.780121225992198
0.2780031105555922,4.68972858160054,0.002493765586034913,0.008333777614191384,40.21164980525571,0.3390264654948333,5.703055780421113
0.2708273352434414,6.070670710069734,0.002493765586034913,0.011181080608169804,41.222917972415374,0.46608647960124683,7.178358235409877
0.2589394621793864,8.4802104662193,0.002493765586034913,0.01603544583567979,43.013121500386006,0.6968377325831225,9.894245036431926
0.23574019615766348,13.653279640769432,0.002493765586034913,0.02604495860845073,46.98363239090404,1.2332376992692542,16.318841827411248
0.17852817725580652,27.668863529867014,0.002493765586034913,0.054495007833315644,60.52432392056198,3.3193699338339724,40.02448192736975
0.3,1.0,0.002493765586034913,0.0,20.0,0.0,1.0
0.2995361926315598,0.9787334462976353,0.002493765586034913,0.00012505513715944892,37.45179931661176,0.004742245231530885,1.8866870678709515
0.299025926571109,1.028981905372189,0.002493765586034913,0.0002633297587082942,37.51284191927267,0.010001921020592964,1.947446491705661
0.29846153376534357,1.0865515340417553,0.002493765586034913,0.0004170366282443628,37.580592087223884,0.01586847855862551,2.0153128750604146
0.2978335610692832,1.1524379016305677,0.002493765586034913,0.0005889114283050488,37.65626020378891,0.022453142808659416,2.0914973595166746
0.29713021889517116,1.228384613983856,0.002493765586034913,0.0007823769112542475,37.74137016161108,0.029896147709647082,2.177643021701754
0.2963366121709583,1.3166668478867158,0.002493765586034913,0.0010017729746453305,37.837862988311834,0.038376690543344145,2.2758351767869045
0.29543364631715424,1.4201960658027344,0.002493765586034913,0.0012526857984590013,37.948250387917604,0.04812753414294367,2.3887710805143896
0.2943964360595679,1.5427686893492958,0.002493765586034913,0.0015424295855770284,38.07584001788058,0.05945663860586628,2.520043620434185
0.29319193174372943,1.6894548076133058,0.002493765586034913,0.0018807705661825723,38.225083764116874,0.07277998471240103,2.6744991645899168
0.2917752759703123,1.8671217188395401,0.002493765586034913,0.0022810474433131948,38.402105760549205,0.08867371412757469,2.8588874466994754
0.29008401930814526,2.085336395455113,0.002493765586034913,0.002761968369907947,38.61558291984134,0.10795894626902007,3.0828563051217945
0.288028573916711,2.3578438801298574,0.002493765586034913,0.0033506117471095126,38.878218784644304,0.1318472603693675,3.3607120112808646
0.285475708806268,2.705196755462494,0.002493765586034913,0.004087689715342996,39.209383097270276,0.1622032037819375,3.714609144072168
0.28221837490351087,3.1598634191613697,0.002493765586034913,0.005037345091303122,39.640131939422005,0.20205071599976543,4.18074810713566
0.27791661253134575,3.776770769263167,0.002493765586034913,0.006306782337816264,40.223548031285006,0.2566334965504493,4.822543479116894
0.2719713792147896,4.65705765025014,0.002493765586034913,0.00808948527629627,41.05834197794693,0.3358894115575966,5.761489399542671
0.26322337449269645,6.010700520769983,0.002493765586034913,0.010772935487570719,42.35066796530117,0.4611185671974051,7.261998948074106
0.24912050103840713,8.350038040224966,0.002493765586034913,0.015256990973306444,44.61082395696834,0.6871053648968775,10.015494605038391
0.22295840689069044,13.228551266528504,0.002493765586034913,0.024147500627535973,49.48959128984869,1.2027302845586032,16.421585255532406
0.16558598438004202,25.097791452287684,0.002493765586034913,0.04697217337414679,64.64147289643199,3.042165994521159,37.91023453973944
