shrinking_speed_steady_state,velocity_decay_timescale,equilibrium_density,P0_end_fit,lengthscale_density_end_fit,accumulation_end_fit,accumulation_timescale
0.22358519201326846,2.7979298472209,0.058823529411764705,0.08116864184669165,49.28290425085763,4.030414429817032,4.768982736487596
0.22113892170858643,2.8877332507991342,0.058823529411764705,0.08404696727204908,49.787152505992964,4.215041713732158,4.911402735227455
0.21860500437077293,2.9830252181070986,0.058823529411764705,0.08704979028313879,50.31995063742677,4.411238029033731,5.063306975637289
0.21597865950847397,3.084269691506128,0.058823529411764705,0.09018546503361348,50.88375430712004,4.620085137412654,5.225604629927071
0.2132547685757584,3.191984865251941,0.058823529411764705,0.09346310324809984,51.48130147194894,4.842800059131139,5.399332324444787
0.21042784737146222,3.3067488660587916,0.058823529411764705,0.09689266162364553,52.11565357568043,5.080753232357568,5.585660905699218
0.20749202771122624,3.4292319708519265,0.058823529411764705,0.1004850190768919,52.79023200794259,5.335492089646078,5.7858936015400175
0.20444102006504403,3.560072463587565,0.058823529411764705,0.10425210117001378,53.50888227104898,5.608772315361549,6.001526657092218
0.20126809211757113,3.700086371451418,0.058823529411764705,0.10820698577861358,54.275928910327636,5.902585721025954,6.234235151069729
0.1979660408449797,3.8501472705150617,0.058823529411764705,0.11236403665031983,55.09624878551702,6.219206705013906,6.485942420758656
0.1945271674401656,4.011223670377562,0.058823529411764705,0.1167390503407721,55.97535510092581,6.561231507410266,6.758824080027098
0.1909432619956487,4.184383359787611,0.058823529411764705,0.12134940770295095,56.91948938200359,6.931638948300748,7.055359340849738
0.18720558873359328,4.370819590688036,0.058823529411764705,0.12621425308149928,57.93573523439793,7.333849787697846,7.3783796144425216
0.18330489137966882,4.571828778357488,0.058823529411764705,0.13135467016792848,59.032140069585594,7.771810074514143,7.731100314194616
0.17923140401923568,4.788839317809991,0.058823529411764705,0.13679389057713576,60.217865768937095,8.25007805686042,8.117197678432587
0.1749749154297969,5.023399392946745,0.058823529411764705,0.14255745186270963,61.50333055645025,8.773927660679664,8.540826500937754
0.17052484281352928,5.277160984664415,0.058823529411764705,0.14867339998140927,62.90039250219683,9.34947760189907,9.006708694393136
0.16587037617555794,5.551845941216584,0.058823529411764705,0.15517242898011133,64.42252618871747,9.983821748487012,9.520128101936244
0.16100069966715752,5.849221174033535,0.058823529411764705,0.16208795443438756,66.08499461611866,10.685194169055196,10.087001528742354
0.1559053117934949,6.1710600832612545,0.058823529411764705,0.1694560851309079,67.90500394443842,11.463129648451552,10.713788971177632
0.15057449181586727,6.518756901546174,0.058823529411764705,0.17731539410731362,69.90179279990906,12.328635139141932,11.407462493806547
0.14499992789300403,6.8935286304591585,0.058823529411764705,0.18570644559218633,72.09663372755546,13.29435095790478,12.175263316351993
0.1391755746679974,7.295886401857501,0.058823529411764705,0.19467087295374208,74.51264672092917,14.374649923355234,13.024344239532237
0.13309870913593339,7.7253851828827145,0.058823529411764705,0.2042500169861848,77.1743857758591,15.585687000439066,13.96126765514266
0.1267713003839026,8.180131501030406,0.058823529411764705,0.21448265235121297,80.10700286318921,16.945269086117413,14.991072800551311
0.12020152717169022,8.656358764929328,0.058823529411764705,0.22540193815154422,83.33495425329149,18.472527144756704,16.116239420204156
0.11340523494745815,9.147901644835521,0.058823529411764705,0.237031663800939,86.88028122703832,20.187273509146987,17.33521754590837
0.10640734252566061,9.645903353640902,0.058823529411764705,0.24938135298301356,90.76021024267484,22.108994260772267,18.640950953664635
0.09924238915423853,10.138796095646612,0.058823529411764705,0.26244164519957913,94.98473103452834,24.25548085245308,20.019585733936236
0.09195415962119412,10.612728211289646,0.058823529411764705,0.2761801305897588,99.55424903903018,26.641113752021976,21.44966773649957
0.08459390611658589,11.052577151966966,0.058823529411764705,0.29053905155972165,104.45796730586767,29.275069943390687,22.90246320347993
0.1890452172987645,2.620882249985781,0.058823529411764705,0.05946464664675414,57.43144035078654,3.4267690047529085,5.3565240641776715
0.18618631922792442,2.699807176682118,0.058823529411764705,0.06135457950269369,58.2186380077185,3.5825479762486694,5.523492515414403
0.18325860314164438,2.783339287446945,0.058823529411764705,0.06331421398206538,59.04537806409933,3.7476824516688,5.700733919553363
0.18025943990176074,2.8718862549424697,0.058823529411764705,0.06534768435368746,59.914595348645435,3.9229757009603383,5.889113201647467
0.17718608778555425,2.9657404031362495,0.058823529411764705,0.06745945310257581,60.82949641948246,4.109318633545245,6.089565662430336
0.17403569344498782,3.065355864879956,0.058823529411764705,0.06965433987779132,61.79358533640194,4.307700402010589,6.303131485457085
0.17080529269090552,3.1711798883520412,0.058823529411764705,0.07193755562719917,62.81069534403222,4.519218806179458,6.530947663872399
0.1674918138489669,3.2836941230424017,0.058823529411764705,0.0743147391098445,63.88502227049663,4.745099208112572,6.774261819340776
0.16409209605531985,3.4034166056090007,0.058823529411764705,0.07679197996540947,65.02114045368646,4.986701674348377,7.034433069875604
0.16060287549038185,3.5308921914759583,0.058823529411764705,0.07937589241434234,66.22408077638778,5.245544756138576,7.3129529629572465
0.1570208383417222,3.6667051547537906,0.058823529411764705,0.08207360788725188,67.49930709314474,5.523327626659954,7.6114537846300685
0.15334261253276263,3.8114756474101688,0.058823529411764705,0.08489285961403437,68.85280558242206,5.821941528265401,7.931712890674694
0.1495648239437173,3.9659050180169895,0.058823529411764705,0.0878419905690126,70.29108001339559,6.143503239412976,8.275632482143937
0.14568412624116753,4.130509727488386,0.058823529411764705,0.09093000838315769,71.82120370562214,6.490368367457672,8.645262111344584
0.14169726128542653,4.306014754743597,0.058823529411764705,0.0941666089842432,73.45083787203822,6.865177737856593,9.042801689739793
0.13760113464881288,4.493038490178893,0.058823529411764705,0.0975621956618329,75.18823214501735,7.270864792169051,9.470551729412987
0.13339290788046648,4.692186583261623,0.058823529411764705,0.10112787449721601,77.0422280753943,7.710690650720907,9.930919407766167
0.12907010372245437,4.903948201364935,0.058823529411764705,0.10487544782494623,79.02223990967317,8.188272295011332,10.42633428755119
0.1246307632936532,5.128720034529051,0.058823529411764705,0.1088173299789958,81.13817057870851,8.707600948179463,10.959214943455873
0.12007359646712772,5.366687760151629,0.058823529411764705,0.11296646213255193,83.40033303613349,9.273054643853323,11.531854050657055
0.11539818778404808,5.617813108607372,0.058823529411764705,0.11733613538183249,85.81929697280212,9.8894034075513,12.14632657786794
0.11060521301381092,5.88180181150138,0.058823529411764705,0.12193974129200481,88.40567830100329,10.561788344539188,12.804267003384169
0.10569669938372546,6.157624317628602,0.058823529411764705,0.12679040686187829,91.1698324727185,11.295692779312857,13.506741315386718
0.10067622996075508,6.444042624215352,0.058823529411764705,0.13190061342577453,94.12159058008598,12.096861914537802,14.253960534992745
0.09554925285854864,6.739090536059893,0.058823529411764705,0.13728152022304843,97.26972907927455,12.971215266209798,15.045035789138694
0.09032325475350979,7.040142030820485,0.058823529411764705,0.14294233935951237,100.62155318880622,13.924691369623114,15.87775330236952
0.08500789343543101,7.34383494582099,0.058823529411764705,0.14888958763662033,104.18241097740831,14.963048261291886,16.7482458739132
0.07961508843962829,7.646100535554592,0.058823529411764705,0.15512621492465206,107.95506089116436,16.091655285176603,17.650870780723626
0.07415882542901475,7.9422871786437845,0.058823529411764705,0.16165090862765147,111.93960811112149,17.31522833983559,18.578150356756936
0.06865499608304561,8.227271938085732,0.058823529411764705,0.1684573608866852,116.1328175382763,18.63753664765502,19.520738715947203
0.06312088683311677,8.4957256538819,0.058823529411764705,0.1755341332891557,120.52806334922019,20.061154675877393,20.467744909441688
0.16788254982952888,2.581864222135547,0.058823529411764705,0.046319454385692425,63.756660777992465,2.9521508554091827,5.838707505674084
0.16491287748319267,2.656795756547426,0.058823529411764705,0.04771112442271822,64.74365280222239,3.085941928317553,6.021534641354296
0.1618901242738906,2.7358769241131564,0.058823529411764705,0.049149897230037196,65.77585798729754,3.227470937811362,6.2146057433458575
0.1588126898414415,2.819399424445745,0.058823529411764705,0.050638393143088135,66.8562204554636,3.3773509084381526,6.418657205996148
0.15567898945044226,2.907661907738994,0.058823529411764705,0.052179370206466145,67.9878243256771,3.536252378425717,6.6344507406234685
0.1524873296384521,3.0010404282986527,0.058823529411764705,0.05377586390947951,69.17409290855245,3.70491383339555,6.86284732796851
0.14923604400397406,3.099775983402699,0.058823529411764705,0.055431077705683694,70.41861851133793,3.8841428577351484,7.104735436587238
0.14592343785396872,3.204251870054911,0.058823529411764705,0.0571484606151732,71.72526709472766,4.074824211271419,7.361054471864744
0.1425478156553373,3.314861423779832,0.058823529411764705,0.05893170678058375,73.09816430874938,4.277932446323524,7.6328482919963205
0.13910748850945354,3.431955954902013,0.058823529411764705,0.060784777870226146,74.54172502602276,4.49453195174473,7.92116096958835
0.1356008008265914,3.5559296875751394,0.058823529411764705,0.06271191094232409,76.06063104796796,4.725792954838138,8.227137981122842
0.13202614979618377,3.687161202552077,0.058823529411764705,0.0647176291902617,77.65985414567507,4.972995590029943,8.551954091054384
0.12838200503333128,3.8260158701428417,0.058823529411764705,0.0668067638127117,79.34466440302008,5.237539477475113,8.896812969787872
0.12466694793925819,3.972948957419985,0.058823529411764705,0.06898445095368214,81.12060906074973,5.520956693174313,9.262962744693993
0.12087975698089316,4.128106593959407,0.058823529411764705,0.07125607272208394,82.99339066873767,5.824912581089716,9.65164064176327
0.1170193441673345,4.291842925814716,0.058823529411764705,0.07362738442898695,84.96909287401061,6.151221116338709,10.064082841288883
0.11308488983975055,4.464344229628584,0.058823529411764705,0.07610439432773516,87.05395556948784,6.501845223428023,10.501457604232899
0.10907593321494342,4.645734701767368,0.058823529411764705,0.07869329043737194,89.2542538243541,6.8789012977743536,10.96488230994452
0.10499236887792138,4.83596362153735,0.058823529411764705,0.08140047886179522,91.57639513981965,7.284654643944539,11.455250196439213
0.1008345632835757,5.034828287440966,0.058823529411764705,0.08423245835148785,94.02673744869948,7.721518374623537,11.973288113290081
0.09660341953958491,5.24198261597295,0.058823529411764705,0.0871957421322956,96.61151640049208,8.192048666882496,12.519488539738745
0.09230048586944987,5.456937918884455,0.058823529411764705,0.0902966944119437,99.33665899652739,8.698909619581755,13.09393350179469
0.0879280218678395,5.678541480032594,0.058823529411764705,0.09354139281065164,102.20767138570707,9.244851336253316,13.69626269607682
0.08348909218241445,5.9057346256133245,0.058823529411764705,0.09693542726001918,105.22939110417171,9.832679746781748,14.325574598303879
0.07898759926021928,6.136997868191094,0.058823529411764705,0.100483661826537,108.40602119280258,10.46518843802163,14.980328834414683
0.07442838011834527,6.3704687688940815,0.058823529411764705,0.10418999327163307,111.74062267096568,11.1451196195934,15.658298785559083
0.06981719506305611,6.603957502495761,0.058823529411764705,0.10805704476871002,115.23517633789265,11.875064497983734,16.356438367548524
0.06516069444490909,6.834965181215718,0.058823529411764705,0.11208605544191207,118.89016357775905,12.657402489679665,17.070921278581253
0.0604663491137379,7.060740257098928,0.058823529411764705,0.11627648274591455,122.7048277559026,13.494215173142893,17.79714604592887
0.05574237664146798,7.278350605815497,0.058823529411764705,0.12062584398387179,126.67675124055278,14.387172278057,18.529750703778266
0.05099755928320256,7.48479885115005,0.058823529411764705,0.12512952028144314,130.80212903079456,15.337478337212772,19.262743090193325
0.15319455038028298,2.6199194195968074,0.058823529411764705,0.037292346825887716,68.90824711389449,2.560078631260885,6.247733912847373
0.1501975812580621,2.6945374393943906,0.058823529411764705,0.03837932269404768,70.04669762242656,2.676047973816129,6.441394065935395
0.14715890368052786,2.7731309280420238,0.058823529411764705,0.03950125125921122,71.23330098532053,2.7985069849213877,6.644922399082038
0.144077500498799,2.8558396803772657,0.058823529411764705,0.040659961113383665,72.47081799374261,2.92793584095149,6.858930977092449
0.14095227370657715,2.942961703333993,0.058823529411764705,0.04185743768955359,73.76200672621958,3.064853442285819,7.084040074539096
0.13778223049813568,3.034752752743583,0.058823529411764705,0.04309574742396884,75.11003756753733,3.2098242396539454,7.320907620873878
0.13456631008473013,3.1314779891391993,0.058823529411764705,0.04437712707623755,76.51808947425017,3.3634613888187026,7.570222599471336
0.1313034915789205,3.233394115847787,0.058823529411764705,0.04570394612919921,77.9895437148946,3.526427869851532,7.832696484524741
0.12799275041426958,3.3408004141555643,0.058823529411764705,0.04707873088600872,79.52795206274592,3.6994430628306874,8.109063984868166
0.1246331416799714,3.454009952820166,0.058823529411764705,0.04850415027379204,81.13702187738708,3.883289932724769,8.400096498168526
0.12122373727306926,3.573165273901234,0.058823529411764705,0.04998304619648977,82.82064240423198,4.078804627369335,8.706549501895413
0.1177636885787732,3.69857415311053,0.058823529411764705,0.051518414220695044,84.58283691322843,4.286904314827575,9.029187399127853
0.1142522314341542,3.83046541133379,0.058823529411764705,0.05311341277271275,86.42777601833473,4.508564349762796,9.368782464302349
0.1106887147299083,3.9690104593300224,0.058823529411764705,0.05477135280748935,88.35973694161747,4.744846194730119,9.726074089075722
0.10707261245758612,4.1143710050744176,0.058823529411764705,0.05649570360923676,90.38312648830602,4.996880258477681,10.101765551781556
0.10340357388357285,4.266621207599125,0.058823529411764705,0.058290053798288666,92.50238131512954,5.265876477401811,10.496495673275033
0.09968143266834846,4.425813689278396,0.058823529411764705,0.06015811693589906,94.72200312743936,5.5531259175990595,10.910842774994668
0.0959062683890196,4.591941950158503,0.058823529411764705,0.0621036693591047,97.04642923319584,5.859985031043285,11.345200248822128
0.0920784194238491,4.764628962611554,0.058823529411764705,0.0641305409117097,99.48005474120887,6.187893563323843,11.799879071009372
0.08819853084775996,4.94366363405374,0.058823529411764705,0.06624255443528983,102.02714183862521,6.53835676523512,12.274996532183737
0.08426759373183294,5.12856321361674,0.058823529411764705,0.06844347628894018,104.69171340178553,6.912925846941513,12.770411994920051
0.08028699238518366,5.3187024039713915,0.058823529411764705,0.07073688683278345,107.47758193858905,7.3132025990649145,13.28575620199113
0.07625853502462386,5.5132528693691105,0.058823529411764705,0.07312616086368805,110.38809041323375,7.740808008926923,13.820305078908891
0.07218447612681884,5.711196436668465,0.058823529411764705,0.07561434332305125,113.42616323346111,8.19737024390031,14.373016426073058
0.06806755946799746,5.911292488444906,0.058823529411764705,0.07820400021924148,116.59418397769282,8.684481281326452,14.942390499977789
0.06391099760727152,6.1121075099207065,0.058823529411764705,0.08089723667865532,119.89374854739003,9.203684305046908,15.526539771049363
0.0597185104402554,6.312018336878525,0.058823529411764705,0.08369539310008045,123.3258352565378,9.756439854204235,16.123195945828964
0.05549428955419953,6.509220815426153,0.058823529411764705,0.08659903856488319,126.89053501361478,10.344064348028217,16.729553948202227
0.05124294350752118,6.701772917239665,0.058823529411764705,0.08960782532247136,130.58727609260413,10.967718436174748,17.34244492583803
0.04696947536202988,6.887629446334215,0.058823529411764705,0.09272050247696939,134.41422519622841,11.628346114543174,17.958272940537334
0.042679182981754764,7.064747353678691,0.058823529411764705,0.09593472725845453,138.36887911063855,12.326648743373068,18.573126257111085
