shrinking_speed_steady_state,velocity_decay_timescale,equilibrium_density,P0_end_fit,lengthscale_density_end_fit,accumulation_end_fit,accumulation_timescale
0.19465722878863048,0.3487064949288693,0.5428571428571428,0.1594279985519733,6.8421489608623975,1.1723563482558714,0.5415095379092966
0.19474667209105065,0.43345446525259473,0.5428571428571428,0.15883170986963585,9.976557398546923,1.6649432015207697,0.7439372566869685
0.19483460632905428,0.5085478293140977,0.5428571428571428,0.15824548187328458,13.079300110967223,2.1490945218424455,0.9433417493170383
0.19492108145481607,0.5783514851644225,0.5428571428571428,0.15766898077903352,16.15231670148828,2.625110741084442,1.1404051386956964
0.19500614548043418,0.6449774115922557,0.5428571428571428,0.15710188735801148,19.19680554307577,3.093269670599998,1.334619566241421
0.19508984381121106,0.7095995040062772,0.5428571428571428,0.15654389991209883,22.2137163284447,3.553830166478597,1.5254730172487563
0.19517222057124176,0.7729250682930106,0.5428571428571428,0.1559947327086965,25.203876176768244,4.007032923177901,1.7126481833618363
0.19525332103649534,0.8354128634272987,0.5428571428571428,0.1554541190477099,28.168018892506616,4.453091751698901,1.8959625232693902
0.19533319564975996,0.8973579222015131,0.5428571428571428,0.15492182055892673,31.106765893576114,4.8921810968366595,2.075308495201563
0.1806346372259863,0.3701874952486158,0.5428571428571428,0.18056929817482067,7.325617898005332,1.414902258026743,0.6027520677660437
0.18075770479574801,0.45894797513339486,0.5428571428571428,0.17982343409200624,10.688371618541789,2.0127169630928483,0.8316903171312794
0.180878396331846,0.5380207715836544,0.5428571428571428,0.17909197117730766,14.011706231999362,2.5988222398942824,1.0573191520567018
0.18099680260388706,0.6118843350258714,0.5428571428571428,0.17837435664098364,17.29792285538976,3.1736963662656517,1.2794782119736379
0.1811130114010229,0.6826769599848248,0.5428571428571428,0.17767006194224752,20.54858861204208,3.737778253435509,1.497346964779629
0.1812271035359508,0.7515710238847022,0.5428571428571428,0.17697859856653686,23.765008603587265,4.291474515273661,1.7103855371086907
0.18133915987366717,0.8192736073512925,0.5428571428571428,0.17629950343637774,26.948331664284932,4.835156527983689,1.9183257930803073
0.18144926343604922,0.8862222374629193,0.5428571428571428,0.17563236034130214,30.099565858314087,5.369142246170931,2.1210545315202216
0.18155750933729262,0.9527033187935149,0.5428571428571428,0.17497681260105036,33.219520654965905,5.893668077945483,2.318491181266
0.16575069166641643,0.3946294986168018,0.5428571428571428,0.20297234788498764,7.924978860865294,1.711798452374305,0.6820895541135555
0.16591908764300714,0.48793742697848924,0.5428571428571428,0.20203681466068715,11.567805876001737,2.438613392182667,0.945888699668052
0.1660836937036245,0.5715749518410251,0.5428571428571428,0.2011223366820147,15.159841360864064,3.148845791249514,1.2052113350646931
0.16624468315165075,0.650115086332116,0.5428571428571428,0.20022795080519323,18.704053056579383,3.8432876142003,1.4589439030974056
0.1664022177498007,0.7257079597140118,0.5428571428571428,0.1993527602533273,22.202657911667842,4.522659509836336,1.7060875056047775
0.16655644974007267,0.7995268315226882,0.5428571428571428,0.19849593422428752,25.65755827728862,5.187621857736699,1.9461928199209855
0.16670752865878916,0.872256826325823,0.5428571428571428,0.19765671510987692,29.070433426957294,5.838758455595263,2.179140865393666
0.16685561303436588,0.9443237429392645,0.5428571428571428,0.19683444491464872,32.442706815112196,6.47654168002228,2.404923572086536
0.1670008844683049,1.0159560279734854,0.5428571428571428,0.19602860421545235,35.775434222513255,7.101281103842458,2.62348120157251
0.1499301726915456,0.4226345470522259,0.5428571428571428,0.22673171513357698,8.686852152734428,2.0844714756664073,0.7887710056903325
0.15016042724018783,0.5211476952992962,0.5428571428571428,0.22555092257788317,12.680403947000501,2.9727291872790325,1.0996219786045311
0.15038450561660596,0.6100592134562056,0.5428571428571428,0.22440180297054388,16.605769807164695,3.836848343272425,1.403016457546833
0.15060275055962866,0.6940081006244624,0.5428571428571428,0.22328259825488714,20.46720706730085,4.678210113803166,1.6970228399309584
0.15081547707329673,0.7751533966570081,0.5428571428571428,0.22219170142381406,24.268124890268652,5.49805746511853,1.980760124518867
0.15102297997014813,0.8546471285302469,0.5428571428571428,0.22112765613461122,28.011488701274462,6.297501141025425,2.254106043820734
0.15122555160656462,0.9331487248457138,0.5428571428571428,0.22008918518320805,31.699863653769135,7.0774780785292,2.5172161129200274
0.15142350424030143,1.0110399909658947,0.5428571428571428,0.21907525549177617,35.335302555610525,7.838680094623107,2.7702192578943436
0.15161718963824933,1.08854071137366,0.5428571428571428,0.21808514738829865,38.91914980993235,8.581489835313986,3.0130513762701443
0.13309325134577402,0.4549701605655886,0.5428571428571428,0.25193689835638866,9.686105816546808,2.5672419294653146,0.9391797998778626
0.13340938791612061,0.559484761491135,0.5428571428571428,0.2504314861136924,14.129736004858547,3.662513512200868,1.3152585287035494
0.13371514009081797,0.6545058251977567,0.5428571428571428,0.24897553059898248,18.477214027578462,4.721346051193786,1.6773065550909878
0.13401121881022726,0.7447120184451774,0.5428571428571428,0.24756562804766688,22.73545009501724,5.7463155271760105,2.023278033099054
0.13429828047025227,0.8322546878500661,0.5428571428571428,0.24619871119794717,26.910169627939293,6.739690014785506,2.353039964802244
0.13457692584070313,0.9182524716320111,0.5428571428571428,0.24487212827918256,31.006311833867848,7.703409840538138,2.6671775598749563
0.1348477539886629,1.0033172546969438,0.5428571428571428,0.2435836991108404,35.02795770587018,8.638994909221186,2.966281340459975
0.13511139844887385,1.0877938562063207,0.5428571428571428,0.2423318443955058,38.978085514822496,9.547437326308568,3.2506282854607322
0.1353685450515106,1.1718545444645951,0.5428571428571428,0.24111564513864064,42.8582991684219,10.42916809549848,3.5200632685271716
0.11515964139084188,0.492593280211981,0.5428571428571428,0.27865556207232467,11.050264302271188,3.2184192579594364,1.1643848127737761
0.11559772220766877,0.6040209594099802,0.5428571428571428,0.2767085366493067,16.08813351086764,4.586718849067616,1.633195071949781
0.11601756575359762,0.7060664757381061,0.5428571428571428,0.27484256551247194,20.982174973021145,5.897372047574832,2.0743722554828903
0.11642080296920505,0.8034374030978105,0.5428571428571428,0.2730504235171775,25.745127942352994,7.15559743126028,2.4876957796767827
0.11680886271158825,0.8982459468080998,0.5428571428571428,0.27132596121072217,30.387575129001853,8.365790030312944,2.8749633272948487
0.11718305917904176,0.9915735427567419,0.5428571428571428,0.2696641610325619,34.918255565655,9.531457003668484,3.2380893353565106
0.11754467856940906,1.0839446918697908,0.5428571428571428,0.26806132215007206,39.34384216454827,10.65506542051607,3.5783153843118516
0.11789502432303678,1.1756546648206319,0.5428571428571428,0.26651514417689165,43.66860253315146,11.738023017722618,3.89605051420831
0.11823541253314886,1.2667977089676024,0.5428571428571428,0.26502453585177055,47.89425615139413,12.780845183273808,4.191081435539107
0.09605983007397602,0.5365908735429771,0.5428571428571428,0.3068935651678161,13.012969922093086,4.144532300544919,1.5281668728369155
0.0966757997219288,0.6558162734845187,0.5428571428571428,0.3043270250407602,18.860304183668465,5.884157948330137,2.1312061057748495
0.09725792806302805,0.7657304140247096,0.5428571428571428,0.30190150054068404,24.476855076865508,7.527125381718157,2.6791094959249677
0.09781027360000637,0.87103142283287,0.5428571428571428,0.2996002643532788,29.88949182691259,9.08503699834123,3.177991975807937
0.09833625164059123,0.9737913332431799,0.5428571428571428,0.29741015027336837,35.1195226259268,10.566918476408965,3.633973882322587
0.09883890195465479,1.0749814111746951,0.5428571428571428,0.29532155335168964,40.183178958469675,11.979243889836976,4.051295849250199
0.09932105155579456,1.175120362711932,0.5428571428571428,0.29332832686562343,45.0915121785375,13.32610120021238,4.432180804928418
0.0997853521760886,1.2743349939699198,0.5428571428571428,0.29142707187653744,49.85057965766305,14.609719922931065,4.77748299625179
0.10023425220620166,1.3726353942700846,0.5428571428571428,0.289615887013223,54.46222285664475,15.831173246963573,5.087553869954496
0.07576553679492669,0.5877586012394737,0.5428571428571428,0.3364936932232155,16.042294943694706,5.558208916376895,2.174069406943207
0.0766479618089531,0.7152008362389873,0.5428571428571428,0.33303320659479196,23.022859056893097,7.816377993844223,2.9693055212949195
0.07746342495648231,0.833277325086798,0.5428571428571428,0.32983548100629045,29.603075546972995,9.901414443057108,3.653791978075597
0.07822313309157687,0.9466675035014865,0.5428571428571428,0.3268580754462621,35.84705134355715,11.841519653790392,4.250785884524822
0.07893585664031995,1.057369287060316,0.5428571428571428,0.32407184055693383,41.800633820319824,13.65598173061458,4.775353152710268
0.07960883725613588,1.1663159399164984,0.5428571428571428,0.3214584490250421,47.49469498890469,15.357129917068896,5.235905126206131
0.08024821170363027,1.273855750256464,0.5428571428571428,0.3190069896698468,52.947828211870764,16.9525572241022,5.637148032081711
0.08085917962517476,1.3800020031385785,0.5428571428571428,0.3167099366812133,58.169679814843626,18.44721537755499,5.9824690831434655
0.08144610767423273,1.4846566026443426,0.5428571428571428,0.31455976885163767,63.16449799903245,19.844933425430856,6.2754264630447585
0.05437614401286771,0.6448355228500557,0.5428571428571428,0.36686084351362946,21.17554312004673,7.9279534581393465,3.4570529717477387
0.05565914413932495,0.779328517266234,0.5428571428571428,0.36210913882179036,29.736401199288625,10.906365161327344,4.490169726626448
0.056802732368373014,0.9043637084107587,0.5428571428571428,0.3578764169772313,37.55602522990337,13.557343798878673,5.306143865354213
0.05784013792660188,1.024563285114394,0.5428571428571428,0.354050279203541,44.799061422298685,15.952619889582966,5.969263146158186
0.05879416683584536,1.1418653620029675,0.5428571428571428,0.35056670750955904,51.5650347508597,18.134124580658913,6.511714552571116
0.059681458970231305,1.2570346630928457,0.5428571428571428,0.34738762522876865,57.91263372616084,20.127542954303987,6.95168267232268
0.060514557404799316,1.3702956537006674,0.5428571428571428,0.34448477086434665,63.87643945774213,21.950516009698173,7.302528278561987
0.0613030823470474,1.4815409221260776,0.5428571428571428,0.34183078240970094,69.47884573019012,23.61699927254937,7.576258764460958
0.062054490148331504,1.5905876229203475,0.5428571428571428,0.33939640145659333,74.73759221080634,25.13930585450667,7.784296366841461
0.032361211988942915,0.6985465257690063,0.5428571428571428,0.3962264770667929,30.87595983728173,12.355829314371022,6.260031029061304
0.03418577331755958,0.8361119794968719,0.5428571428571428,0.3898301739159625,41.3429778328508,16.197791703215838,7.354055151255398
0.03573289685445254,0.9646900433483558,0.5428571428571428,0.3844402178141354,50.46928042774416,19.43607767313173,8.10679589897169
0.03709242293745781,1.088522877698807,0.5428571428571428,0.37978761171027886,58.638698874224104,22.23828518922755,8.640622447077604
0.03831590232062178,1.2093999476947206,0.5428571428571428,0.3757294744127203,66.04515759008197,24.69354480089396,9.01316999981947
0.0394361986910046,1.3278484662488783,0.5428571428571428,0.37216403852400815,72.80025209657262,26.858674976574346,9.262103807012329
0.04047567762806317,1.443943301062523,0.5428571428571428,0.36900396397844015,78.97993849347243,28.775238759004797,9.416218447754156
0.04145025436725499,1.55757383728492,0.5428571428571428,0.3661716021903819,84.64442159234686,30.47626783412956,9.49827800471283
0.04237161352938145,1.6683725330707515,0.5428571428571428,0.36359980405052594,89.84600043741258,31.989176262860422,9.526143994994946
0.010987932530654864,0.722453241519423,0.5428571428571428,0.4205366751893689,50.14892063595804,21.055769593706582,11.847005285423776
0.01324487865631494,0.8592476145749904,0.5428571428571428,0.41313404906949747,61.608324036161214,25.322016858589038,12.080155805723546
0.015100734097875289,0.9878315785525649,0.5428571428571428,0.4072696850740906,71.19835690159371,28.72700473191454,12.157281470830187
0.01670428628956584,1.1119672313909126,0.5428571428571428,0.4024673533269642,79.48052824611437,31.539708208791428,12.122239752259416
0.018132403584340262,1.2331949407379523,0.5428571428571428,0.3984336586969547,86.74431860004589,33.906109700331925,12.010880471143436
0.019430887670820674,1.3519636119475984,0.5428571428571428,0.3949603153841028,93.17653836889772,35.92032901813314,11.850260048097814
0.02062950863476386,1.4682783459659674,0.5428571428571428,0.3918959026530208,98.913963996384,37.64898839807645,11.65961350727445
0.021748780277598124,1.5818848293737062,0.5428571428571428,0.38913068377449606,104.06318102208606,39.14183314953807,11.452121202796864
0.022803436207156136,1.6925340132719477,0.5428571428571428,0.38658549911984924,108.70990899071836,40.43732309633713,11.236727296769322
0.1612374133847497,0.43838319552583266,0.5428571428571428,0.040023388587980255,8.127719837505209,0.345646361440756,0.7148581116853447
0.16117085719915228,0.542204985760847,0.5428571428571428,0.03951409220669161,11.881496007920676,0.48932936122946463,0.9987314534435853
0.16114267857995124,0.6357874316578876,0.5428571428571428,0.03914987039209068,15.586852744638568,0.6296609332482329,1.2779741661207613
0.16113090289530604,0.7240914103041174,0.5428571428571428,0.03885091817649133,19.2462989559236,0.7667968329574784,1.5510240012611898
0.16112754584066477,0.8094155243889762,0.5428571428571428,0.03858808511053782,22.861735156677796,0.900878147497965,1.8168586571756546
0.1611290152291604,0.8929923365749048,0.5428571428571428,0.038348130693481496,26.434800239778546,1.0320331945176642,2.075076288710853
0.16113346028560208,0.9755225105949369,0.5428571428571428,0.03812413681406448,29.966939501953714,1.160374022722296,2.325593667949495
0.1611398358315622,1.0574041761736654,0.5428571428571428,0.0379121121316682,33.459313570997345,1.2859865468173894,2.5683878916603096
0.1611475118438235,1.1388803154258578,0.5428571428571428,0.03770959371785973,36.91267680152907,1.4089194425508391,2.803333557918148
0.14681913746148467,0.47528636141409897,0.5428571428571428,0.04662118319068098,8.855085306822412,0.4364555436259252,0.8241262144861413
0.14675037856169934,0.5879154978850122,0.5428571428571428,0.04596722106284319,12.950520688599779,0.618269824208388,1.1582172160957618
0.1467245028164801,0.6904400710864703,0.5428571428571428,0.04549590572079776,16.98354542825808,0.7951102264205994,1.4845494360916218
0.14671668956460907,0.7879142641660972,0.5428571428571428,0.04510689949961125,20.957516048970614,0.967241173692003,1.8009377603985934
0.14671801551222557,0.8826436352145708,0.5428571428571428,0.04476383244482724,24.875154923640636,1.1349030903859094,2.1065472282554767
0.14672449535109053,0.9758219325569849,0.5428571428571428,0.04445022759111171,28.738844385316728,1.2983105785057902,2.401293034252244
0.14673409062900283,1.0680793659934844,0.5428571428571428,0.04415747139228838,32.550609046273514,1.4576400580206335,2.6853072873957213
0.14674565996570274,1.1597922387968478,0.5428571428571428,0.043880598754554266,36.31195338009121,1.6130134272208498,2.9586326773108995
0.1467585254372338,1.2510885020891538,0.5428571428571428,0.04361655113056861,40.02359193714306,1.7644807034788845,3.221035873892876
0.13223883455708424,0.5185659422938815,0.5428571428571428,0.05407269479789383,9.743215289167928,0.5541189298552825,0.9683287625966294
0.1321732842817311,0.6420701803084549,0.5428571428571428,0.053236655652173996,14.25007344055954,0.7850515800650393,1.36761957475607
0.13215391837441118,0.7557101368707161,0.5428571428571428,0.052626945853684534,18.67419066181919,1.0084521987519728,1.7532655552142304
0.13215363982630887,0.8646031218854349,0.5428571428571428,0.05211991404501521,23.020462436766728,1.2247921473997798,2.123092221819539
0.13216281727210144,0.9710158117369543,0.5428571428571428,0.05167101232917951,27.293023874912485,1.434495246790861,2.476900634570535
0.13217718801282283,1.0760473832926611,0.5428571428571428,0.05126006576149172,31.495452275335417,1.6379244110388598,2.8151394848543925
0.1321945942174543,1.1802779084472554,0.5428571428571428,0.05087651039561034,35.63061673870119,1.8353565582103475,3.1382188229164703
0.13221384648253148,1.2839387259052768,0.5428571428571428,0.05051425685886052,39.70033453011179,2.0269516276159805,3.446160147395455
0.13223425441523753,1.3870526575494941,0.5428571428571428,0.05016957418914956,43.70502430933358,2.21274805210368,3.738520506403411
0.11746987195545483,0.5702874889124473,0.5428571428571428,0.0625744187549778,10.852800380522577,0.7104868976496274,1.165165116655881
0.11741541156425087,0.7075278151275897,0.5428571428571428,0.06150383694649896,15.863759117108419,1.0059175139839223,1.6502132524839583
0.11740861581870189,0.835257767959991,0.5428571428571428,0.06071062633404838,20.761394901290934,1.2896371524132186,2.111284103749411
0.11742097802442136,0.9586016877422758,0.5428571428571428,0.0600450876562483,25.553485582153847,1.5625331299590635,2.54740064020678
0.1174424994194101,1.0796890998545303,0.5428571428571428,0.05945345944306147,30.24667192749568,1.8253763419591562,2.959639567969076
0.11746881250236672,1.199530495563746,0.5428571428571428,0.05891131816418032,34.8464757301347,2.078789522036233,3.3492649429874115
0.11749774661060214,1.3185083159670932,0.5428571428571428,0.058405827626939834,39.35689698540488,2.3231932420567865,3.7169670899033145
0.1175281385405606,1.4366808134831033,0.5428571428571428,0.05792959620385833,43.779892055914225,2.558788387333535,4.062593953852035
0.11755934047538771,1.5538895680330944,0.5428571428571428,0.0574781132480897,48.11506874679601,2.7855856194795945,4.385422293946597
0.10247973348553019,0.6335659330950209,0.5428571428571428,0.072394855183943,12.279022361548018,0.9249288938759962,1.44460351621425
0.1024477800313038,0.7885749774172577,0.5428571428571428,0.07101141050426539,17.91992193264104,1.3069135319205991,2.0439657449647464
0.1024623211667443,0.9345273002815263,0.5428571428571428,0.06996647100307413,23.39960468163138,1.6700765456318378,2.6017041289251837
0.10249466584482826,1.0764036630426093,0.5428571428571428,0.0690815676741927,28.731521562278573,2.0161835872124487,3.1200516121554016
0.10253493622096649,1.216177586776884,0.5428571428571428,0.0682924300091414,33.92686832387529,2.346686888403212,3.6023583895124958
0.10257891758392772,1.3545189682076983,0.5428571428571428,0.06756961247545118,38.99429766240565,2.6626510787210926,4.05102702173415
0.10262459096282675,1.4915854998139193,0.5428571428571428,0.0668975460693881,43.93918897876125,2.9647119652393523,4.466936527110809
0.10267093539046707,1.6271490938866024,0.5428571428571428,0.06626723964787988,48.7631541763096,3.253134244124447,4.849797177924835
0.10271742698327324,1.7607971727851626,0.5428571428571428,0.06567313983994315,53.46427520244865,3.527936640521768,5.1988652015961
0.08722856217919553,0.7132719083712525,0.5428571428571428,0.08391113333229722,14.179199866075788,1.2309331720280867,1.8601765520682334
0.0872358841651742,0.8918595401981303,0.5428571428571428,0.0820893328556105,20.624385641387622,1.731830110614653,2.6136999909329734
0.08728463329846227,1.0617813163572194,0.5428571428571428,0.08068408102764123,26.829888958557596,2.20124005076601,3.295253533267625
0.08734763833120178,1.2277375535374069,0.5428571428571428,0.07948481326427645,32.820878508848146,2.642884221875499,3.9138895730224537
0.0874158570741191,1.3912165064647055,0.5428571428571428,0.07841462849688108,38.617048759684266,3.0595664530153432,4.476874679869333
0.0874856319463527,1.5524876561233873,0.5428571428571428,0.07743768283974647,44.23193969119413,3.453125919881,4.988144003957295
0.08755535795714,1.7112247314985454,0.5428571428571428,0.07653476450261591,49.672420275337345,3.824591113362765,5.449071971491393
0.08762433453228433,1.8669014624436473,0.5428571428571428,0.07569450016966922,54.93916153277805,4.174460112418609,5.859948986041052
0.08769228683115761,2.018779184096783,0.5428571428571428,0.07490932553090332,60.02839284887823,4.503007627844981,6.22137609060026
0.0716680390228758,0.8173219565440807,0.5428571428571428,0.09766695281798467,16.83024327174396,1.6904559661654865,2.513960263038921
0.07173996361999851,1.027864899092403,0.5428571428571428,0.09518998268491119,24.32377244334876,2.358358517913425,3.4753445271300634
0.07184217364077777,1.2296690579379659,0.5428571428571428,0.09324289071227035,31.442812785065907,2.9711019549529403,4.311054102652979
0.07195150089897694,1.4266852842197237,0.5428571428571428,0.09157627377650121,38.238009315825316,3.5369687112064354,5.0443438641153655
0.07206088996540037,1.6196777632829067,0.5428571428571428,0.09009575470325427,44.74495868731162,4.061501523706161,5.689113095621235
0.072167918183192,1.8082475058362877,0.5428571428571428,0.08875584080555983,50.984769596794436,4.548084710415598,6.252293705762786
0.07227183026046348,1.9915397774814676,0.5428571428571428,0.08753104712363902,56.96627583910784,4.998760253726227,6.737805575005948
0.07237253160833505,2.1687221846630287,0.5428571428571428,0.08640482486788709,62.69011806563497,5.414978761000815,7.149610690819661
0.0724701825507226,2.338851015097311,0.5428571428571428,0.08536454138379684,68.15352839027308,5.798083641253525,7.4929533286059975
0.05574297025147903,0.9587981821448314,0.5428571428571428,0.11445646461275613,20.75663387776829,2.4276449993056137,3.615060362601312
0.05591893088630489,1.2129516483963385,0.5428571428571428,0.11092212318198519,29.631684788175743,3.332366260380711,4.843201732250827
0.05610357576707014,1.4564788927359396,0.5428571428571428,0.10811852008332257,37.891423605713776,4.1358769743553125,5.849505304145306
0.056281929752837155,1.6920321597735681,0.5428571428571428,0.10573578505188529,45.64347035174918,4.857409496483534,6.686475285746061
0.056451024859640056,1.9193710371550718,0.5428571428571428,0.10364798656237681,52.95294761440454,5.508480955150326,7.380937577719456
0.05661089659511941,2.1374371294385432,0.5428571428571428,0.10178984143879573,59.85400699862971,6.096245820443314,7.948850304226213
0.056762391429489543,2.3452539484124624,0.5428571428571428,0.10012042973089981,66.36255439781098,6.625888616102617,8.403963087634702
0.0569065035382504,2.541876454361727,0.5428571428571428,0.0986092803100641,72.48740865050618,7.101886297211515,8.7605203656727
0.05704415877310638,2.726746293255255,0.5428571428571428,0.0972310686797507,78.23763693480683,7.528488821540846,9.032957252849767
0.039404849672428306,1.1578132492353568,0.5428571428571428,0.13539239068870892,27.02847716564035,3.713135215259086,5.612735177542391
0.039745801018560865,1.4690197251803405,0.5428571428571428,0.13002374318332185,37.67341705374444,4.940460156597169,7.105241307493055
0.04005435106329185,1.7628916398537708,0.5428571428571428,0.12582311426931714,47.273714524069085,5.977096007926599,8.217866050757221
0.04033221458905961,2.04075694328968,0.5428571428571428,0.12233978219817013,56.060007621916306,6.8686924457722895,9.06055674361195
0.040584626205407266,2.301933605839022,0.5428571428571428,0.11936926632865232,64.15234303264312,7.640986899033528,9.69014240763704
0.04081630890126072,2.5457788420582133,0.5428571428571428,0.11679233187454574,71.61635438660778,8.311199239852007,10.14767806997058
0.04103102356054475,2.772094048863275,0.5428571428571428,0.11452591024922854,78.49704159976989,8.892741585296841,10.467990335759515
0.04123168092164863,2.980830382971871,0.5428571428571428,0.11250648232580043,84.8350506199002,9.396960525695,10.680833173856971
0.041420534331035666,3.172437864370507,0.5428571428571428,0.1106840552337372,90.67164332941634,9.833729490023247,10.810704223342015
0.022668250408812568,1.4309627867135466,0.5428571428571428,0.16164506004631618,37.89917999878087,6.166723564897561,9.391701374301707
0.023252371815544685,1.8054014677741983,0.5428571428571428,0.15305371125768943,50.454252398770464,7.739101375578695,10.818285228162788
0.023731283106134853,2.1483019715523857,0.5428571428571428,0.14665675435803285,61.29952711012432,8.973237822195797,11.718879478686487
0.02413970007440408,2.461557977125424,0.5428571428571428,0.14158839853757524,70.88191032527563,9.970432619525303,12.280782301926642
0.02449778602553026,2.7465222004971133,0.5428571428571428,0.13742477791238933,79.42550768743085,10.786563939988339,12.608152918570887
0.024818217666019726,3.0048392928930476,0.5428571428571428,0.13391036204886897,87.07586099248446,11.458853459853794,12.772022630830485
0.02510945301373788,3.238093073508507,0.5428571428571428,0.13087486732059497,93.94828063264372,12.014644146696021,12.822615367728378
0.025377392425920648,3.4481557046548676,0.5428571428571428,0.1281999951958111,100.1418648079958,12.474965201103833,12.795240441144093
0.02562630356851768,3.6366794173650328,0.5428571428571428,0.12580190792608015,105.74295067231876,12.856362801610382,12.7145887659549
0.005755973295476951,1.7194378317068848,0.5428571428571428,0.19275289133483195,57.377855117623675,11.038650719510104,15.719090771382946
0.006608863236478239,2.1492266295777447,0.5428571428571428,0.17944711370348437,70.79342547736442,12.614905002771419,16.05657378995326
0.0072697209898647825,2.529354172319272,0.5428571428571428,0.1701987177329028,81.91718622919325,13.756889995360444,16.10467587752304
0.007815211837140176,2.8655283855533766,0.5428571428571428,0.1632034821772429,91.39085184094517,14.61490829106419,15.981059566175707
0.008283192163789307,3.1629426222561596,0.5428571428571428,0.15761991775385023,99.57424169925758,15.270837403807436,15.758528487145064
0.008695371445420019,3.426180029243924,0.5428571428571428,0.1529842457334249,106.7153144482385,15.776425125374669,15.481712897136486
0.00906541774065086,3.659169500491459,0.5428571428571428,0.14901706240807142,112.99977338382473,16.166948700745593,15.177603592965964
0.009402494648025677,3.86524682101256,0.5428571428571428,0.14554013410121006,118.57181690142704,16.467601900749703,14.862484893577847
0.009713043214312204,4.047238535940933,0.5428571428571428,0.1424347955212027,123.54537466797943,16.696953795765072,14.546135764329104
0.1556331814894765,0.48922382898722805,0.5428571428571428,0.020053408739836433,8.395134421030374,0.178534105320484,0.7745950907939143
0.15559929512264767,0.6084730165267798,0.5428571428571428,0.019791983863297478,12.272513487247567,0.2528219986549568,1.0865645481711983
0.15558351574047144,0.7174885234388391,0.5428571428571428,0.01959959684649041,16.097182811017916,0.32521119261444736,1.3924390508947937
0.15557564165406737,0.821493604120415,0.5428571428571428,0.019439137144507745,19.87193350434336,0.3958071110146703,1.6903309758225111
0.15557188445978445,0.9228337669628525,0.5428571428571428,0.01929673190461744,23.598899523159318,0.4646984527064887,1.9793241990174515
0.1555705174764123,1.0226883678893253,0.5428571428571428,0.01916598862365018,27.279937824115674,0.5319623012448186,2.259199395831282
0.155570643476047,1.1216980393875258,0.5428571428571428,0.019043527044646697,30.916651040420234,0.5976647077020971,2.529995179940102
0.15557175203627852,1.2201800798121696,0.5428571428571428,0.018927379812870432,34.51029542276497,0.6618542505548531,2.791743702885111
0.15557353362835738,1.3182477788844735,0.5428571428571428,0.018816321298983207,38.06159204843905,0.7245563827050149,3.044305804557856
0.14100995225656107,0.538817110742008,0.5428571428571428,0.023690525285811805,9.188087372340817,0.22965635791700215,0.9045385582632256
0.14097291167185952,0.6716099980625871,0.5428571428571428,0.023343050580958213,13.435839435479396,0.32527654884113366,1.2756961771288948
0.1409568673085051,0.7945487196915881,0.5428571428571428,0.023085932211042187,17.614991646946162,0.4180111476902989,1.6362926334584835
0.14094984398756422,0.9128984796937142,0.5428571428571428,0.022870656776660944,21.72936993995331,0.5080391768548663,1.984187331920494
0.14094745404833875,1.0289181422884284,0.5428571428571428,0.022679266677841637,25.782086937723793,0.5955129665122483,2.31887529170194
0.14094771553775634,1.143692046666545,0.5428571428571428,0.0225035121554736,29.775855200390883,0.6805656468425382,2.6405324661502485
0.14094960649775282,1.257722101822516,0.5428571428571428,0.022339031616901112,33.71293059441362,0.7633007256827118,2.949471369452242
0.14095255088610512,1.3711744957842136,0.5428571428571428,0.022183284800822784,37.594874803530914,0.84378867672119,3.2457369974751127
0.14095620339892834,1.4840222361602708,0.5428571428571428,0.022034695736920767,41.422281056690686,0.9220528719684902,3.5290495098185692
0.1263223051675737,0.5988535201761072,0.5428571428571428,0.027906339946010297,10.158565224014604,0.29754051543417215,1.0776024023179034
0.12628422213816762,0.7491191647901804,0.5428571428571428,0.027445087083381024,14.852896318621042,0.42122867344546483,1.5254898383913607
0.1262696713933767,0.890115110978822,0.5428571428571428,0.027100648559974034,19.45545000740842,0.540437727576003,1.954999663246631
0.12626503550171445,1.0270124180919402,0.5428571428571428,0.026810689271363083,23.97190842324126,0.6554884291888812,2.3645481130188504
0.12626539477877227,1.1619305957255708,0.5428571428571428,0.02655231957370136,28.407070306869386,0.7666534706259694,2.754556970757427
0.12626855027559558,1.2956910542484368,0.5428571428571428,0.026315026024276655,32.765016771595846,0.8741594164548355,3.1258655587656365
0.12627337991479048,1.4285854048904463,0.5428571428571428,0.026093241609835192,37.048915865520605,0.9781733532704852,3.4790231385225447
0.12627926078973337,1.56054663993014,0.5428571428571428,0.02588371658436105,41.2605125560757,1.078783282603746,3.814025979136075
0.12628582612773068,1.6913322854861037,0.5428571428571428,0.025684444899356635,45.399877562675705,1.176006578749436,4.130307640601004
0.11155576511112746,0.673389538299421,0.5428571428571428,0.03285291044119657,11.373369589055827,0.39008510020917087,1.315457395421882
0.11152009280205781,0.8468275782580561,0.5428571428571428,0.03223755501014092,16.61517756310398,0.5514272566148554,1.8639530493248233
0.11150979030562802,1.0117641125566719,0.5428571428571428,0.03177225527274207,21.730233874192088,0.7056264352010838,2.380934574261557
0.11150989432136092,1.1731252535680474,0.5428571428571428,0.03137806016181847,26.727715526599,0.8532887102898692,2.866820285891259
0.11151508395645955,1.332590142188578,0.5428571428571428,0.031026095199681355,31.615389117370366,0.9949197726439906,3.3236239986510574
0.11152301473722452,1.4906098272029664,0.5428571428571428,0.030703041051739283,36.39949770697658,1.1309111703631647,3.753132049633787
0.11153251041972254,1.6470784138142345,0.5428571428571428,0.03040181578412349,41.084318109090084,1.261515597031209,4.156083516866638
0.11154293326192678,1.80162732117746,0.5428571428571428,0.03011828301627803,45.67149152057228,1.3868513161384985,4.5322846453727665
0.11155392017269619,1.9536580584444518,0.5428571428571428,0.029849872322244182,50.159845671877946,1.5069198570541178,4.880820256139906
0.09669169741751067,0.7689277253789186,0.5428571428571428,0.03874227979981246,12.936840349356663,0.5204034700594686,1.6543778345017455
0.09666392288596706,0.9740535100451676,0.5428571428571428,0.03791087974424549,18.862339648745973,0.7333607487218705,2.336360932483912
0.09666214617193694,1.1714946620746114,0.5428571428571428,0.03727267149378733,24.606275380833356,0.9345375671349176,2.9649855971058994
0.09667058418163867,1.365463107789594,0.5428571428571428,0.036728699765304934,30.18465901483381,1.1251512492990488,3.5449359304941006
0.096683738981366,1.5569010502288743,0.5428571428571428,0.03624264704080883,35.61057166043066,1.306166546930324,4.080993062172807
0.09669924265659804,1.7455887728406412,0.5428571428571428,0.03579759542999759,40.89365088358841,1.4782610678874775,4.5760917862576855
0.09671594595773265,1.9309087718569529,0.5428571428571428,0.035384452458865186,46.039270459258006,1.641823067224207,5.0311604564310475
0.09673325194821092,2.112004234695925,0.5428571428571428,0.0349978648876131,51.04826992933254,1.7970254571553963,5.445905980792417
0.09675084011228914,2.2880937395213525,0.5428571428571428,0.034634399483286955,55.91748038102708,1.943909789145082,5.8197919305115065
0.08170590653293956,0.8964217308919163,0.5428571428571428,0.045878705603054876,15.020357263566105,0.7115067532989556,2.158368976300844
0.08169473773172095,1.1462400747824564,0.5428571428571428,0.044729852647286135,21.816464573021534,0.9968245257549446,3.019067075086465
0.08170816864607938,1.3885357859394316,0.5428571428571428,0.04383405843564661,28.341444412895704,1.2619263538656582,3.7892955418793046
0.08173046079844314,1.6260232542483901,0.5428571428571428,0.043067627654472904,34.62529331733239,1.5094070543236016,4.4822665524012395
0.08175631618784553,1.8584002742204282,0.5428571428571428,0.04238438209825335,40.69070340766775,1.7411448155833882,5.107248218967552
0.0817835578261157,2.0845593912719416,0.5428571428571428,0.041762353573156163,46.55231740362919,1.9583335553047005,5.668855919561232
0.0818112008569022,2.303253079860197,0.5428571428571428,0.04118947684912993,52.21643986222999,2.161650591001432,6.168844110194557
0.08183878364999551,2.513396797620103,0.5428571428571428,0.04065832254159584,57.68241858793511,2.3514746409481684,6.608185148199194
0.0818660912330564,2.714080440328786,0.5428571428571428,0.04016368189332767,62.94535510288014,2.528096415747078,6.988721929557418
0.066567024186451,1.0754181295171,0.5428571428571428,0.054711108696324,17.922621335076848,1.006535511698055,2.94759450427585
0.0665865057017187,1.389863532438421,0.5428571428571428,0.053066753452388184,25.846766760151628,1.3952686420431788,4.045793421450715
0.06662570280103451,1.693974118294382,0.5428571428571428,0.051769090175334445,33.347142323531,1.7477460323697762,4.988541041362098
0.06667036285237658,1.9877929569149113,0.5428571428571428,0.05066082070746459,40.483455869068735,2.069787278235437,5.806166988260151
0.06671605542897113,2.2695048821875,0.5428571428571428,0.049680760459469425,47.295730442761396,2.3651566035555356,6.515582250991847
0.06676118310278181,2.5375000295457353,0.5428571428571428,0.048798553951200696,53.8058668861637,2.6361419522041842,7.125347722121503
0.06680516859270726,2.790527347672507,0.5428571428571428,0.04799649527722618,60.021820954119306,2.8842352795563215,7.64151537384789
0.06684784420336676,3.027902894866559,0.5428571428571428,0.047262482187808735,65.94357628111229,3.110603918473892,8.070721212573858
0.06688920804885051,3.2492679832821914,0.5428571428571428,0.04658696001928465,71.56914711402968,3.3163942563555477,8.421215575938255
0.051235735440325426,1.3424122923926538,0.5428571428571428,0.06591320106498916,22.200318839903435,1.492799382015109,4.261691342601309
0.051308982945805055,1.7500110514812846,0.5428571428571428,0.06343887449220767,31.593838941559305,2.0297594496304128,5.655023408616348
0.051390649526134154,2.1347550898158127,0.5428571428571428,0.06148507672263879,40.295279247650896,2.4989256415865877,6.778762733508743
0.05147062802519863,2.4943422105662436,0.5428571428571428,0.059837375817587045,48.42823180508705,2.913885726987152,7.697636851191018
0.05154664612662754,2.8272257735994595,0.5428571428571428,0.058405668589469315,56.06357275737285,3.282638451413963,8.44441794248944
0.051618416907572386,3.1333243075252315,0.5428571428571428,0.05714141163782679,63.236710599869056,3.6103328356936744,9.040773046208576
0.05168621828378927,3.4134025053352577,0.5428571428571428,0.05601294480242566,69.96498717280502,3.900889983806125,9.506439672659988
0.051750464441776,3.6683557483379112,0.5428571428571428,0.05499634005698974,76.26088731537399,4.15776132479109,9.861128007455363
0.0518115660800575,3.899553737537324,0.5428571428571428,0.054072066254962685,82.13915824325635,4.384177558212255,10.123721488704524
0.035669638059467934,1.763989041166597,0.5428571428571428,0.08046705651142307,28.95867024248574,2.361307311608738,6.590494847478419
0.03583423744278308,2.2933772269026385,0.5428571428571428,0.07650950989587892,40.195683068181715,3.098921423865579,8.251094845198358
0.035983565386145965,2.7652132684060122,0.5428571428571428,0.07345582330659998,50.2747174287988,3.707645492668564,9.462335100921287
0.036117230162725375,3.182799336122415,0.5428571428571428,0.07095683333385969,59.450109228260054,4.21979676630503,10.355292106510968
0.036237716651371016,3.551750555764948,0.5428571428571428,0.06884972981439026,67.85047584609228,4.653745387329857,11.001397652363213
0.03634743671229163,3.877738761193643,0.5428571428571428,0.06703771052814686,75.54883246082225,5.022057225067138,11.453956455175968
0.036448337876453664,4.165715292115687,0.5428571428571428,0.0654537784534563,82.60027508952425,5.334552592042755,11.756988252508995
0.036541934432822366,4.419887985070711,0.5428571428571428,0.06404818634935858,89.05687841385017,5.59937171260526,11.946114969230084
0.036629396729844485,4.64372511409452,0.5428571428571428,0.06278324087854428,94.971022258021,5.8234284062137505,12.049504645705815
0.019850864957782738,2.423160926989631,0.5428571428571428,0.09952620405582341,40.42082733336642,4.046637401200047,10.808997570847167
0.02015882308588009,3.062587041233248,0.5428571428571428,0.09289608844868366,53.58176144939001,4.985137068989188,12.337511943281683
0.020406797143402763,3.5877155069279407,0.5428571428571428,0.08806481025154216,64.88491785505556,5.697376798380471,13.267895305286297
0.02061497285650259,4.026060536169294,0.5428571428571428,0.08429855253446532,74.80626101466255,6.254534185427291,13.819974641178495
0.020795020811617278,4.39693681478558,0.5428571428571428,0.08124006437735459,83.59045152570495,6.696002218118968,14.118272188878153
0.020954200453386782,4.7135718723905695,0.5428571428571428,0.07867885763711092,91.40432533526953,7.047845007441791,14.245571505240965
0.021097309520640015,4.985107858784226,0.5428571428571428,0.07647915565764893,98.38237448128281,7.328816531373571,14.257877173780004
0.021227668674126912,5.218545806327339,0.5428571428571428,0.07454948683045658,104.63904527186511,7.552998550967187,14.193135950091506
0.021347662943344812,5.418928195930552,0.5428571428571428,0.07282656187324933,110.27225984682637,7.731202382286923,14.077058500115372
0.003865730096049116,3.215764945947545,0.5428571428571428,0.12324304851832171,60.28889161619016,7.417082104419945,17.458612549517266
0.004347855630277378,3.8986342441759287,0.5428571428571428,0.11251754946650488,74.27231068494564,8.293786677513058,17.802461195673445
0.004711119753367714,4.426342868732682,0.5428571428571428,0.10524487739156352,85.78897832498141,8.896284443781637,17.817517045381525
0.005004540308833131,4.85083813206901,0.5428571428571428,0.09983308887732532,95.5288584913926,9.32458854591334,17.649086488674126
0.005251815178195138,5.200941711222233,0.5428571428571428,0.09556279733614391,103.88850286477225,9.632517838085295,17.38063923889888
0.0054663080682757935,5.49357119139861,0.5428571428571428,0.09204890281386191,111.14244034492968,9.853389290162914,17.060313425848154
0.005656310481069584,5.739602047900262,0.5428571428571428,0.08906462823586517,117.49514651182044,10.009407406403106,16.71594638065388
0.0058273188729909735,5.946966463165295,0.5428571428571428,0.08646758723314188,123.10363738014617,10.116074038843669,16.363699517874565
0.0059831575496907706,6.1212577190966195,0.5428571428571428,0.08416386910557361,128.09102772297675,10.184570598740823,16.012946488281305
