shrinking_speed_steady_state,velocity_decay_timescale,equilibrium_density,P0_end_fit,lengthscale_density_end_fit,accumulation_end_fit,accumulation_timescale
0.39,1.0,0.12280701754385964,0.0,20.0,0.0,1.0
0.38749667545777006,0.6410824502308639,0.12280701754385964,0.00556860548132385,29.208301146642523,0.16538299459248237,1.1587208391475914
0.38475558161456136,0.6679334224033411,0.12280701754385964,0.011665261315787523,29.40840579699336,0.34878042420938254,1.199570315559888
0.3817412256441958,0.6981947546231808,0.12280701754385964,0.01836863439558218,29.63166674399325,0.5533014103355021,1.2455282863474617
0.378410700095789,0.7325245843399302,0.12280701754385964,0.025773784902248867,29.88234221334921,0.7828135799673988,1.297568365486408
0.37471164712695715,0.7717859307965134,0.12280701754385964,0.03399665315879399,30.165799485689092,1.0421875732618913,1.3569357190406468
0.37057951640960757,0.8170901034827682,0.12280701754385964,0.043180096945265097,30.488900510594842,1.3376454615877218,1.4252361668987115
0.36593381512651135,0.8698980493118019,0.12280701754385964,0.05350213829839206,30.86056028172984,1.67726228279883,1.5045758528505353
0.3606728936564649,0.9321648831009403,0.12280701754385964,0.06518741287495042,31.292572362319845,2.071708905063459,1.597768727756213
0.3546665603242584,1.0065594679538459,0.12280701754385964,0.07852335784270788,31.8008683600677,2.5353831808614116,1.7086737753649706
0.34774540780404656,1.096809477012054,0.12280701754385964,0.09388355391261793,32.40749567824378,3.08818341580058,1.8427119526981155
0.3396850381094256,1.2082558749760142,0.12280701754385964,0.11176212513623368,33.14384329795846,3.7583957910085615,2.0077446292991334
0.33018217167461306,1.348757375636275,0.12280701754385964,0.13282563912681528,34.05612968201759,4.587598368494789,2.2155976286836894
0.31881750947089876,1.5303415284180957,0.12280701754385964,0.1579933563798357,35.215219659181855,5.639419301983138,2.484865208526625
0.30499643048539393,1.7720974670185725,0.12280701754385964,0.1885644105545909,36.73530051002252,7.016148134156528,2.846408125887334
0.28785208608990875,2.1059958918350135,0.12280701754385964,0.2264231517605147,38.81209274319754,8.892633610005188,3.3549671153714815
0.26608586554015445,2.5886517965250873,0.12280701754385964,0.27437020631929404,41.808373308144276,11.591834647928504,4.116047322186551
0.23771954141086432,3.326891225507385,0.12280701754385964,0.33661370819419084,46.46648013412729,15.771532684907113,5.3542067859040525
0.19984951500321463,4.525016250079007,0.12280701754385964,0.41916531057845124,54.491681616591016,22.932834114495886,7.595119688317446
0.1495064394486442,6.4481723098635255,0.12280701754385964,0.5277837008721308,70.0500674724901,36.725294983664234,11.985258434934918
0.09067068227021459,8.428635795699137,0.12280701754385964,0.6543412219960476,99.78832671594421,63.23718423134947,18.74557051384024
0.30499643048539393,1.7720974670185725,0.12280701754385964,0.1885644105545909,36.73530051002252,7.016148134156528,2.846408125887334
0.30186747414644777,1.8301655853613656,0.12280701754385964,0.19547935546486672,37.097719527270186,7.343968688429852,2.933967501424265
0.2985983175954308,1.8921757700766586,0.12280701754385964,0.20270161165242404,37.48403795207057,7.693237714788538,3.0278644790327607
0.2951796135039817,1.958520467616226,0.12280701754385964,0.2102514071187995,37.89665867946646,8.066095691151101,3.128784567351762
0.2916012136952945,2.029633033288145,0.12280701754385964,0.21815066007633666,38.3383077871777,8.464971847518402,3.23751806734728
0.28785208608990875,2.1059958918350135,0.12280701754385964,0.2264231517605147,38.81209274319754,8.892633610005188,3.3549671153714815
0.28392022096645625,2.1881619072563185,0.12280701754385964,0.23509472186032915,39.321573488445665,9.352245047010351,3.482180836313776
0.2797925524363812,2.276750733032085,0.12280701754385964,0.24419340531884004,39.8708346647211,9.847438682961869,3.6203636484868147
0.2754548415058447,2.3724714783553287,0.12280701754385964,0.2537496787417341,40.46459391607199,10.382403025461063,3.7709257137013803
0.2708915774250145,2.476131378788852,0.12280701754385964,0.2637966377982266,41.108318174669535,10.961988135844821,3.93551060990427
0.26608586554015445,2.5886517965250873,0.12280701754385964,0.27437020631929404,41.808373308144276,11.591834647928504,4.116047322186551
0.2610193174990938,2.7111087067539925,0.12280701754385964,0.2855093293156337,42.57220714688544,12.278536487051891,4.314811127116459
0.2556719466398498,2.8446656662858905,0.12280701754385964,0.2972561448129586,43.40857668013525,13.029835320258618,4.5344902758182
0.2500220844634068,2.9907233743740513,0.12280701754385964,0.3096560934530982,44.327827664346486,13.85486766864535,4.778282654853724
0.24404632802118534,3.150865073204394,0.12280701754385964,0.3227579475213018,45.34224345920811,14.76446533615463,5.050002864955099
0.23771954141086432,3.326891225507385,0.12280701754385964,0.33661370819419084,46.46648013412729,15.771532684907113,5.3542067859040525
0.23101497241121058,3.5208485476172675,0.12280701754385964,0.3512782243295508,47.71809544495122,16.891505878827157,5.696355544674669
0.22390450174573015,3.735028290252997,0.12280701754385964,0.3668085271938779,49.11821024787431,18.142922335263705,6.082982103608633
0.21635915632409136,3.971961267158611,0.12280701754385964,0.38326258101444793,50.69229588666707,19.548104229916245,6.521899156632487
0.20834998862353546,4.2344015078244785,0.12280701754385964,0.4006972771645917,52.4711011086529,21.133947829225725,7.02233940767121
0.19984951500321463,4.525016250079007,0.12280701754385964,0.41916531057845124,54.491681616591016,22.932834114495886,7.595119688317446
0.19083396954654122,4.846377162137069,0.12280701754385964,0.43871049452909044,56.79842656026154,24.983525296738517,8.252553964235881
0.1812866730813734,5.200342371923651,0.12280701754385964,0.4593610631555863,59.44385524866905,27.33191241872795,9.008079707278908
0.1712028662012589,5.587348291156274,0.12280701754385964,0.481120477448623,62.48871585956802,30.031245650852373,9.87523135673286
0.1605961752624433,6.005367133049006,0.12280701754385964,0.5039557028597029,66.00061722606604,33.14125719685967,10.86558082843468
0.1495064394486442,6.4481723098635255,0.12280701754385964,0.5277837008721308,70.0500674724901,36.725294983664234,11.985258434934918
0.13800767646767684,6.904189535279549,0.12280701754385964,0.5524582453926404,74.70267833974822,40.84446728238799,13.229885904528423
0.12621325664097843,7.3552574183719654,0.12280701754385964,0.5777616173291508,80.007168139987,45.548212361266934,14.578758302032565
0.11427416947577029,7.777300837619947,0.12280701754385964,0.6034066262813677,85.98098348656745,50.86210389047774,15.990545779615362
0.10236679575420997,8.143335814662546,0.12280701754385964,0.6290534387728132,92.59848199416119,56.775955496207196,17.40391854934296
0.09067068227021459,8.428635795699137,0.12280701754385964,0.6543412219960476,99.78832671594421,63.23718423134947,18.74557051384024
0.39,1.0,0.12280701754385964,0.0,20.0,0.0,1.0
0.3853415082257065,0.6467221416526165,0.12280701754385964,0.00486221264223497,29.36540076233693,0.14516608488713265,1.1642691866616504
0.3803311335354154,0.6722729026697387,0.12280701754385964,0.010134890914479089,29.737280974756626,0.3063502738878236,1.2114388306983996
0.37492559279924337,0.7008678368767313,0.12280701754385964,0.015873209616047847,30.149257757769778,0.4863332227236494,1.2646457056971059
0.369074107964286,0.7330476057887368,0.12280701754385964,0.022142868164858876,30.608346224868132,0.6885755087714801,1.3250774347282452
0.36271668939427615,0.7695375906939689,0.12280701754385964,0.029022767660127947,31.12330800962998,0.917439062902545,1.3942400933930945
0.3557819194698194,0.8112519510865581,0.12280701754385964,0.03660856081134624,31.705231341093985,1.1784970205468974,1.474087971301666
0.348184056535335,0.859391888303243,0.12280701754385964,0.04501743130513596,32.36836181323886,1.4789856885289359,1.567199099742199
0.33981920190017945,0.9155561915631105,0.12280701754385964,0.054394634180260436,33.13131328734351,1.828468223488779,1.6770277878730864
0.3305601542910289,0.9819155327727241,0.12280701754385964,0.06492261554800588,34.018885760095245,2.2398428211412194,1.8083205024818931
0.32024939790784307,1.0614721540128944,0.12280701754385964,0.0768339908354062,35.064866831344254,2.7309217880942347,1.9677606093559474
0.30868939128117057,1.1585481509944904,0.12280701754385964,0.09043044989430758,36.316504015633015,3.3269825588484307,2.1650392264487732
0.29562889664725867,1.2794711472220706,0.12280701754385964,0.10611101383956796,37.841919204013045,4.0650707911446595,2.4147190319662073
0.28074344429538883,1.4338875868089307,0.12280701754385964,0.12441549011731749,39.742962423951745,5.001589887778431,2.7395561258903336
0.2636071457872775,1.637148542755522,0.12280701754385964,0.14609338021474344,42.178679013498716,6.22643701005038,3.176883544645153
0.24365238508912623,1.9146798689171067,0.12280701754385964,0.17221638285914806,45.410703620440316,7.891010771279809,3.7914111103297037
0.22011592673161393,2.3106227992342254,0.12280701754385964,0.20436580038338273,49.89675284505056,10.267633250343232,4.7024332591655496
0.19198844483995375,2.9037025199065605,0.12280701754385964,0.24493764967534273,56.4930613179109,13.884003531463595,6.142760923837899
0.1580860913344387,3.8256347757826923,0.12280701754385964,0.29754351120625494,66.88192164229316,19.832406716475095,8.569354328589739
0.11780154501987615,5.194877167356984,0.12280701754385964,0.3668409822554487,84.15008989317069,30.33182456808394,12.676105037537978
0.07368956676372221,6.640235655343904,0.12280701754385964,0.45426392471185584,111.53082936281957,48.48865749379834,18.25324334534017
0.2636071457872775,1.637148542755522,0.12280701754385964,0.14609338021474344,42.178679013498716,6.22643701005038,3.176883544645153
0.25986289729459905,1.6856410280793024,0.12280701754385964,0.15092063280770768,42.75039688838529,6.5177428170398,3.282829152470897
0.25600116913009396,1.7373169835395061,0.12280701754385964,0.15593466306585946,43.3561574181828,6.82790330396264,3.396402676836432
0.25201626802777216,1.7924790621375424,0.12280701754385964,0.16114688169332259,43.99906540621838,7.158747510757839,3.518402884425385
0.24790214628150842,1.8514867673933497,0.12280701754385964,0.16656965324968323,44.68260712411507,7.512338186351945,3.6497305408163303
0.24365238508912623,1.9146798689171067,0.12280701754385964,0.17221638285914806,45.410703620440316,7.891010771279809,3.7914111103297037
0.23926017228121377,1.9825023292468718,0.12280701754385964,0.17810162644670988,46.187779638801885,8.297416329685095,3.9446142361941328
0.234718287556311,2.055430629593934,0.12280701754385964,0.18424119889155643,47.01883909855993,8.734573159093294,4.110671793403517
0.23001907894523124,2.1340055186219087,0.12280701754385964,0.19065231832266888,47.90956418347245,9.20592937750817,4.291117547873586
0.22515446608801667,2.218831852377199,0.12280701754385964,0.19735371461107587,48.86641240348614,9.715436619310786,4.487701516048913
0.22011592673161393,2.3106227992342254,0.12280701754385964,0.20436580038338273,49.89675284505056,10.267633250343232,4.7024332591655496
0.21489451029162393,2.410089041689192,0.12280701754385964,0.2117108174077344,51.00901119936107,10.867756099744902,4.937634541053414
0.20948086774175906,2.5181115556375704,0.12280701754385964,0.21941298951072785,52.212839863153405,11.52185511840623,5.195967429982941
0.20386530177448714,2.6356527266198118,0.12280701754385964,0.22749868320791858,53.51931835935648,12.236944352841094,5.480504091897766
0.19803785412376265,2.7637758120997495,0.12280701754385964,0.23599655240591835,54.94117973569855,13.02116774877719,5.794758607354785
0.19198844483995375,2.9037025199065605,0.12280701754385964,0.24493764967534273,56.4930613179109,13.884003531463595,6.142760923837899
0.18570708485928206,3.0566133876662898,0.12280701754385964,0.2543554743044052,58.19177212186113,14.836481840207252,6.529094599496788
0.17918416982635668,3.2239000404072495,0.12280701754385964,0.2642859569680701,60.056577365640095,15.89144624102286,6.958935840064902
0.17241091342538595,3.40694496363129,0.12280701754385964,0.2747672695781278,62.109453472570564,17.063815978036676,7.43803344976477
0.16537994247049162,3.6071606061902806,0.12280701754385964,0.2858394167241843,64.37528260078268,18.37085373984425,7.9726399617379045
0.1580860913344387,3.8256347757826923,0.12280701754385964,0.29754351120625494,66.88192164229316,19.832406716475095,8.569354328589739
0.15052746022718885,4.063283060061226,0.12280701754385964,0.30992053310765894,69.66002058863326,21.471043723227634,9.23477358606752
0.14270673091393107,4.320379787966711,0.12280701754385964,0.32300945235515693,72.74247395171876,23.31202619241753,9.974943700752732
0.13463275022720886,4.596373139422525,0.12280701754385964,0.33684442916401247,76.16331036548291,25.382981250324644,10.794527236600812
0.1263222563185625,4.889107039262228,0.12280701754385964,0.35145099278566544,79.95585612459146,27.713106468578115,11.69557220346245
0.11780154501987615,5.194877167356984,0.12280701754385964,0.3668409822554487,84.15008989317069,30.33182456808394,12.676105037537978
0.10910768583581108,5.507742436290221,0.12280701754385964,0.3830065436012495,88.76923794698907,33.26664715803731,13.728445938659648
0.10028877732892325,5.819465563757544,0.12280701754385964,0.39991378169573216,93.82600686810811,36.540421675802556,14.837891769064136
0.09140270759913321,6.119778132304613,0.12280701754385964,0.41749734810740613,99.31920353817665,40.168146196600844,15.982104279872706
0.08251407124853767,6.39730736000102,0.12280701754385964,0.43565798539360323,105.23172682961916,44.15390155822558,17.131838882751804
0.07368956676372221,6.640235655343904,0.12280701754385964,0.45426392471185584,111.53082936281957,48.48865749379834,18.25324334534017
0.39,1.0,0.12280701754385964,0.0,20.0,0.0,1.0
0.38347774560482767,0.6530366710728989,0.12280701754385964,0.0042514000101127256,29.50263546373973,0.12751198060091198,1.1695435133614138
0.37656203889150236,0.6781494809085732,0.12280701754385964,0.008831505028998345,30.02333231710117,0.26947360273421317,1.2227076544963364
0.3692111884615859,0.7061384738513858,0.12280701754385964,0.013781759900920855,30.59743087134608,0.4284176372673525,1.2827692895469989
0.36137716336677556,0.737499511709094,0.12280701754385964,0.019151183030320977,31.234037750371,0.6074992880085572,1.3511039286212176
0.35300429186635074,0.7729030868176182,0.12280701754385964,0.02499824272790922,31.944478073799125,0.8106990466942288,1.4294658956146724
0.34402761467111337,0.8131814301274789,0.12280701754385964,0.03139333774233688,32.743021394656196,1.043106828197979,1.5201138136713226
0.33437077892695694,0.8594390996077301,0.12280701754385964,0.038422124098807,33.64790610101574,1.3113343808385571,1.62605438342157
0.32394331038483754,0.9131197671024823,0.12280701754385964,0.04619006131488007,34.68284004176527,1.6241216817678217,1.7512912202515143
0.31263704430099115,0.9761964196887736,0.12280701754385964,0.054828719549216476,35.8791995498484,1.9932556554348468,1.9013430666034064
0.30032138066075564,1.0513887969342233,0.12280701754385964,0.06450475612816033,37.279432365915,2.434998359395562,2.0839544946705124
0.28683691239095394,1.142587119896816,0.12280701754385964,0.07543294623785263,38.94238274204352,2.972387219153909,2.3103167677542262
0.27198676513732983,1.2554724973604166,0.12280701754385964,0.08789562742459768,40.951993107167446,3.639072890593887,2.5971238016070393
0.2555247717840447,1.3986669630956674,0.12280701754385964,0.1022725328667667,43.43205045878272,4.486002722016325,2.9701919547527496
0.23713948786311392,1.585727143945368,0.12280701754385964,0.119087958180068,46.57225584371105,5.593608834431635,3.4710669248456663
0.2164337484660692,1.8388831922358602,0.12280701754385964,0.13908746684581957,50.67626591720221,7.095189669360006,4.169566197697159
0.19290376471077714,2.1955840570480163,0.12280701754385964,0.16336487824097848,56.25308888920521,9.223966483849695,5.187788904200353
0.1659407825030941,2.7190393009545346,0.12280701754385964,0.19356768398177696,64.18926766559548,12.410500644092181,6.74315447579907
0.13495156526372143,3.502715534715876,0.12280701754385964,0.23216769592712158,76.02343245415634,17.473913496272143,9.19814323112676
0.09989901236830788,4.601999161041398,0.12280701754385964,0.28239409703513085,94.05879730914408,25.872557310866995,12.95114592171106
0.06255159311189404,5.7461743156117695,0.12280701754385964,0.3459209291624181,120.11460880041255,39.400792177810445,17.65566298713738
0.23713948786311392,1.585727143945368,0.12280701754385964,0.119087958180068,46.57225584371105,5.593608834431635,3.4710669248456663
0.23319844985887833,1.6301629310997,0.12280701754385964,0.12280417614189451,47.30341188434523,5.856800977838049,3.5920099062549466
0.2291612854258112,1.6774109196442621,0.12280701754385964,0.1266539972393677,48.07566885153763,6.1368695163427445,3.721442480667396
0.22502416020920324,1.7277498049752535,0.12280701754385964,0.13064532878850835,48.89254586809415,6.435400333664465,3.86020502207023
0.22078305184511646,1.7814663167398703,0.12280701754385964,0.13478672899333716,49.7579581926702,6.754173411872818,4.009228895203087
0.2164337484660692,1.8388831922358602,0.12280701754385964,0.13908746684581957,50.67626591720221,7.095189669360006,4.169566197697159
0.21197184848813141,1.9003818595268316,0.12280701754385964,0.14355759039777452,51.65233137362508,7.460701436286595,4.342395402715194
0.20739275913623956,1.966322031469353,0.12280701754385964,0.14820801024117772,52.6915897789525,7.853256499867915,4.529045935772061
0.20269170430394265,2.0371638200299844,0.12280701754385964,0.15305058169435345,53.80012295253068,8.275734147823986,4.731005655909177
0.19786373871283683,2.1134008588265454,0.12280701754385964,0.15809819419030405,54.9847424323452,8.73140006679712,4.949962253441486
0.19290376471077714,2.1955840570480163,0.12280701754385964,0.16336487824097848,56.25308888920521,9.223966483849695,5.187788904200353
0.18780657443349574,2.2843543961075574,0.12280701754385964,0.16886589266713278,57.61372518881878,9.757655917006666,5.4466047012278
0.1825668907814445,2.38030861099477,0.12280701754385964,0.17461784537388353,59.07625627728625,10.33727357123835,5.728768929303347
0.17717944118262843,2.484202227321624,0.12280701754385964,0.1806387905413668,60.65144046858923,10.96830647993951,6.036925614783646
0.17163905191288295,2.5968197679037623,0.12280701754385964,0.18694832959835556,62.351308310206235,11.657006969540825,6.373985523631148
0.1659407825030941,2.7190393009545346,0.12280701754385964,0.19356768398177696,64.18926766559548,12.410500644092181,6.74315447579907
0.16008009631522316,2.851641402553419,0.12280701754385964,0.20051974876029713,66.18019837268947,13.236898026588692,7.147903746741415
0.1540530981620314,2.9955303908011692,0.12280701754385964,0.20782906610157692,68.34049480075834,14.145402139700767,7.591934360665878
0.14785681957608487,3.1515341252596376,0.12280701754385964,0.2155217443624681,70.68806822690748,15.146408952466262,8.079104619512435
0.14148960531522692,3.320462749582364,0.12280701754385964,0.22362519378272397,73.24222469436064,16.25158824538741,8.613282162941712
0.13495156526372143,3.502715534715876,0.12280701754385964,0.23216769592712158,76.02343245415634,17.473913496272143,9.19814323112676
0.12824510879907203,3.698563793802187,0.12280701754385964,0.24117772407678825,79.05289568232595,18.82762077864155,9.836868761914983
0.12137556994004332,3.907759342953069,0.12280701754385964,0.25068281880303656,82.35189738309039,20.328072794883465,10.531750355816376
0.11435186005352994,4.129496277953854,0.12280701754385964,0.26070805369654027,85.94086387986789,21.991445764433596,11.283654649656684
0.10718707988483721,4.361816529160692,0.12280701754385964,0.27127398800766905,89.83818795843662,23.834240283300783,12.091405179750236
0.09989901236830788,4.601999161041398,0.12280701754385964,0.28239409703513085,94.05879730914408,25.872557310866995,12.95114592171106
0.0925103572346068,4.846076772929263,0.12280701754385964,0.2940717963828872,98.61262999941947,28.121146536361703,13.855745790897798
0.0850485675667806,5.089048268963103,0.12280701754385964,0.30629738676661766,103.50316816457374,30.59226251177733,14.79442082700819
0.07754512770961791,5.324538941662048,0.12280701754385964,0.31904557633428665,108.72633469936275,33.29443768069285,15.752730643767007
0.070034352611768,5.545875509884239,0.12280701754385964,0.3322733753800296,114.27014263344027,36.2313162141929,16.71305894285659
0.06255159311189404,5.7461743156117695,0.12280701754385964,0.3459209291624181,120.11460880041255,39.400792177810445,17.65566298713738
0.39,1.0,0.12280701754385964,0.0,20.0,0.0,1.0
0.381860309732265,0.6598901439434184,0.12280701754385964,0.0037213676339477504,29.622782118127592,0.11206099099123339,1.174534897586211
0.3733273606406508,0.6851876505785836,0.12280701754385964,0.007713154991425955,30.273271243343483,0.23727351248013143,1.2333616059731354
0.36436361114110377,0.7133096444969178,0.12280701754385964,0.012008148134024265,30.9882419931494,0.377966111559695,1.2998939174815736
0.3549262888472149,0.7447491570781977,0.12280701754385964,0.016645000843534322,31.778546149792298,0.5370423985657687,1.3756792614000073
0.3449663852402762,0.7801421507340712,0.12280701754385964,0.021669672906385603,32.657644094331545,0.7181678067606924,1.462692908920939
0.3344273963066163,0.8203068038624918,0.12280701754385964,0.02713733133585581,33.642456818266275,0.9260332073498486,1.5634969434833246
0.3232437305983744,0.8662958393863004,0.12280701754385964,0.03311489510170811,34.75454941813121,1.16673413288465,1.6814507576423112
0.31133866985219827,0.9195152221680262,0.12280701754385964,0.03968451448028767,36.021867180596715,1.4483289015034722,1.8210775807495305
0.2986217434137701,0.9818629911238329,0.12280701754385964,0.046948375949231,37.48124129708902,1.7816803517444668,1.9885697336291204
0.28498528440877885,1.0559382264377297,0.12280701754385964,0.055035552012530985,39.182265336153215,2.181761058870636,2.192587040169047
0.27029990524913045,1.145479526691662,0.12280701754385964,0.0641119036549874,41.193261631862256,2.66973623227412,2.445584797038932
0.2544085045893432,1.2558883424760403,0.12280701754385964,0.07439483086046055,43.61090070376823,3.2764086419428344,2.7659576235211576
0.2371184155380359,1.395312889981017,0.12280701754385964,0.08617579809317502,46.576107253607866,4.04813060882858,3.1817650744733283
0.21819147257061428,1.5764441401685552,0.12280701754385964,0.09985578855560648,50.30129199733573,5.057347110196751,3.7371814421018668
0.1973330394456661,1.8196669865559798,0.12280701754385964,0.11600247678774656,55.11791797749098,6.422165243800613,4.503940683908656
0.17418566902022792,2.1583546443534325,0.12280701754385964,0.1354437740032285,61.559601845177816,8.343739396337439,5.600861755352008
0.148349484324,2.645664791725313,0.12280701754385964,0.15941545106320373,70.49653568370148,11.177406502531836,7.221674457871725
0.1195008165662355,3.3519048522155215,0.12280701754385964,0.18974068058941923,83.28805231171495,15.553650819854882,9.645099467799499
0.08777484622229086,4.300449738616505,0.12280701754385964,0.22873063307232172,101.68195412125195,22.491318319779417,13.092792934243551
0.05445076513685791,5.273425561769323,0.12280701754385964,0.2776672913356258,126.81187426870966,33.13950331937394,17.197999281845032
0.21819147257061428,1.5764441401685552,0.12280701754385964,0.09985578855560648,50.30129199733573,5.057347110196751,3.7371814421018668
0.21418483899156845,1.6192796764887862,0.12280701754385964,0.1028657985465029,51.163822493325284,5.296944952470666,3.8706584869492953
0.21009849634268507,1.6647695778049894,0.12280701754385964,0.10597922666556323,52.0727985421438,5.551758994415585,4.013197262567618
0.2059296797679226,1.7131482519056893,0.12280701754385964,0.109202072198958,53.031975622354146,5.823174062509913,4.165625452463515
0.201675518424756,1.7646749372803012,0.12280701754385964,0.11254081829535488,54.04549359990618,6.11273447180724,4.328867194020721
0.1973330394456661,1.8196669865559798,0.12280701754385964,0.11600247678774656,55.11791797749098,6.422165243800613,4.503940683908656
0.1928991765571531,1.8783879667593966,0.12280701754385964,0.11959463421047309,56.25428237280065,6.753396227397565,4.691989054140503
0.18837076103879707,1.9412106835793983,0.12280701754385964,0.12332553676522283,57.460168209097894,7.108590364320399,4.89424650446132
0.18374456840326311,2.0085165359017245,0.12280701754385964,0.12720409691814238,58.7417085545681,7.490172868899125,5.1121037908846585
0.17901731139993352,2.0807644461473034,0.12280701754385964,0.13124000087403703,60.10568829517582,7.900868156886341,5.3470825772218475
0.17418566902022792,2.1583546443534325,0.12280701754385964,0.1354437740032285,61.559601845177816,8.343739396337439,5.600861755352008
0.16924633786720975,2.241811122390646,0.12280701754385964,0.13982682681664996,63.111692316104794,8.822230608883922,5.875282486897039
0.16419606714910004,2.331673952167165,0.12280701754385964,0.1444015485931683,64.77103151677485,9.34021401782921,6.172333340322109
0.15903173049671107,2.4285690370290904,0.12280701754385964,0.1491813610373263,66.54756053521166,9.90204630999261,6.494185952768742
0.15375040619856398,2.53301327185958,0.12280701754385964,0.15418077980136805,68.45213365926132,10.512616684103717,6.8431541879696
0.148349484324,2.645664791725313,0.12280701754385964,0.15941545106320373,70.49653568370148,11.177406502531836,7.221674457871725
0.14282679341576013,2.7671411867621702,0.12280701754385964,0.1649021714537842,72.69348053187854,11.90253986695108,7.632289267804884
0.13718078507930917,2.8981027699917035,0.12280701754385964,0.17065880962410365,75.05652674531407,12.694831097842481,8.077555269408277
0.13141069846718936,3.038943952481027,0.12280701754385964,0.1767042704118177,77.60001090965908,13.561814536086736,8.559968394520174
0.1255168386454616,3.190116158576666,0.12280701754385964,0.183058194952981,80.33880001614781,14.511762257425993,9.081841169063617
0.1195008165662355,3.3519048522155215,0.12280701754385964,0.18974068058941923,83.28805231171495,15.553650819854882,9.645099467799499
0.11336585560581863,3.524094842341035,0.12280701754385964,0.19677174574076708,86.46281675415082,16.697102262830207,10.25110426238584
0.1071171189603292,3.7062897710489278,0.12280701754385964,0.2041705682565804,89.87749726173278,17.95223603238738,10.900336747556757
0.10076199546217421,3.8975382844018807,0.12280701754385964,0.21195453649191873,93.54526233743613,19.329463524598246,11.592117568939472
0.0943103803729261,4.096410113972333,0.12280701754385964,0.22013796699405488,97.4772838357052,20.839174417519548,12.324269128269489
0.08777484622229086,4.300449738616505,0.12280701754385964,0.22873063307232172,101.68195412125195,22.491318319779417,13.092792934243551
0.08117063444913829,4.506773590824804,0.12280701754385964,0.2377362935219188,106.16414668423171,24.294924309066964,13.891668078067818
0.07451554988993067,4.711683029099697,0.12280701754385964,0.24715080016073857,110.92457592876046,26.257501167614972,14.712700287822566
0.06782947714819557,4.910878699418811,0.12280701754385964,0.25696111895955487,115.9593823536067,28.38446741818836,15.545631049950641
0.06113385507491086,5.099818727874324,0.12280701754385964,0.2671443319088438,121.2596025558356,30.678576756296664,16.37845750511418
0.05445076513685791,5.273425561769323,0.12280701754385964,0.2776672913356258,126.81187426870966,33.13950331937394,17.197999281845032
0.39,1.0,0.12280701754385964,0.0,20.0,0.0,1.0
0.3834715888432488,0.6392544819546835,0.12280701754385964,0.004249382353593191,29.50309094294484,0.12745339587215213,1.1695530268894427
0.3765375355707581,0.6637747899813076,0.12280701754385964,0.008823032502404885,30.02521006630796,0.2692316123008924,1.2227747957482924
0.3691564352961546,0.6910856892927077,0.12280701754385964,0.013761724006687933,30.60178981755251,0.42785464670802453,1.2829518976423153
0.36128070586856176,0.7216854711864548,0.12280701754385964,0.01911370101911299,31.242041927112744,0.6064629305128533,1.3514770899023238
0.35285532858684054,0.7562036146715192,0.12280701754385964,0.024936537961171498,31.957411068984467,0.8090197068672909,1.4301069544647163
0.34381625396289633,0.7954588368283562,0.12280701754385964,0.03129960170847335,32.76230543321508,1.0405940897941146,1.5211354877671397
0.33408836167620415,0.8405255491246411,0.12280701754385964,0.03828735829300055,33.67512447662511,1.3077737113179742,1.6275831980835094
0.3235828176198154,0.8928095643105283,0.12280701754385964,0.046003893684920825,34.719756546335134,1.6192686125251965,1.7535012730922634
0.3121936070509882,0.9542323409407371,0.12280701754385964,0.05457920827501013,35.92779860028292,1.9868280167143386,1.9044459574705883
0.29979292522565987,1.0274484305767202,0.12280701754385964,0.06417817082493128,37.341948519410636,2.426665324542911,2.0882271417055196
0.2862249715708233,1.1162586503947225,0.12280701754385964,0.07501355048111333,39.02133908975957,2.9617539476177823,2.3161272383790226
0.27129749371585254,1.2262319566757465,0.12280701754385964,0.08736549766139176,41.05024165113076,3.625653528920995,2.604959095688666
0.25477021210578493,1.365839811690447,0.12280701754385964,0.10161147716549565,43.552788116152705,4.469173428006692,2.980704415661556
0.2363391112719995,1.5484474754390318,0.12280701754385964,0.11827369369328981,46.71897448194965,5.572517674982127,3.485143586293456
0.21561625352726724,1.7960581970523946,0.12280701754385964,0.138096359506169,50.85247580656715,7.068560167321789,4.188364518467755
0.19210890387594662,2.1459413438313013,0.12280701754385964,0.16217392070707615,56.461375643114515,9.189644162816679,5.212717196494462
0.16522029712773376,2.6614361455309026,0.12280701754385964,0.1921590991994713,64.42840478796191,12.36429052910616,6.775464256213981
0.13436582718676876,3.437282227143451,0.12280701754385964,0.23053874716894185,76.28075407739504,17.406760337170926,9.237647376021373
0.09949917252651563,4.533456116682372,0.12280701754385964,0.28057523362963077,94.29804884962005,25.766018648653436,12.995331275590777
0.06233740577474832,5.687853163451148,0.12280701754385964,0.34400481188608706,120.2866772763943,39.232096445349114,17.707733494831892
0.2363391112719995,1.5484474754390318,0.12280701754385964,0.11827369369328981,46.71897448194965,5.572517674982127,3.485143586293456
0.23239202500071193,1.591868340695922,0.12280701754385964,0.1219564533251489,47.4557570363921,5.834723537837475,3.6069285017795223
0.22835003717093943,1.6380583905290402,0.12280701754385964,0.12577186009613095,48.233781123213504,6.1137505120640805,3.7372526453262886
0.2242093995006152,1.6872896211319492,0.12280701754385964,0.12972781989297785,49.056562047445404,6.411181365660847,3.8769587235745275
0.21996617933573273,1.7398493602506795,0.12280701754385964,0.13383289237810703,49.9280084002808,6.728786067472719,4.026976665879584
0.21561625352726724,1.7960581970523946,0.12280701754385964,0.138096359506169,50.85247580656715,7.068560167321789,4.188364518467755
0.21115532216412966,1.856301287004732,0.12280701754385964,0.14252826936001622,51.8348062264622,7.432748206895656,4.362301767994582
0.20657887901220928,1.9209303282414296,0.12280701754385964,0.14713957017868073,52.88043168696341,7.823885596279638,4.550122180524393
0.2018822529317983,1.9904072209342483,0.12280701754385964,0.1519421327798655,53.995405684571516,8.244838289427054,4.753307926540888
0.19706059531549575,2.065228513145859,0.12280701754385964,0.156948887919369,55.186516498292555,8.698860390743477,4.973549794692882
0.19210890387594662,2.1459413438313013,0.12280701754385964,0.16217392070707615,56.461375643114515,9.189644162816679,5.212717196494462
0.18702208009334567,2.233197360276033,0.12280701754385964,0.1676325293034136,57.82848963961095,9.721389862820708,5.472928162914554
0.18179493003604763,2.3275890820173504,0.12280701754385964,0.17334141800475564,59.29742306039242,10.298882960930612,5.7565408653685095
0.1764222745353445,2.429880685155674,0.12280701754385964,0.1793187260914986,60.87886216073848,10.927574116407692,6.066181600455216
0.1708990215816684,2.540862409677621,0.12280701754385964,0.1855841660928507,62.58475326788669,11.613682156595873,6.404761689396998
0.16522029712773376,2.6614361455309026,0.12280701754385964,0.1921590991994713,64.42840478796191,12.36429052910616,6.775464256213981
0.15938162144239734,2.792379822905795,0.12280701754385964,0.1990665716384731,66.42456624433792,13.187459773535737,7.181748919559573
0.15337912461237024,2.9346235506817178,0.12280701754385964,0.2063313215655092,68.5894871757558,14.09232724331544,7.6272923049682655
0.1472098433616373,3.0890941079692884,0.12280701754385964,0.21397966389800713,70.94089455085633,15.08922524552274,8.115927184109403
0.14087207091810458,3.256439026567194,0.12280701754385964,0.2220392802795793,73.49790587446752,16.189741426262014,8.651496091279366
0.13436582718676876,3.437282227143451,0.12280701754385964,0.23053874716894185,76.28075407739504,17.406760337170926,9.237647376021373
0.1276933684283621,3.63189095165476,0.12280701754385964,0.23950685566977448,79.31040151751617,18.754426305779216,9.877545207717557
0.12085979226828156,3.8401764271926293,0.12280701754385964,0.24897153379617745,82.60788732107537,20.24800058889914,10.573462771356015
0.11387368495274354,4.061121038755655,0.12280701754385964,0.2589582892035316,86.19341407187717,21.90356867441601,11.326266185386833
0.10674772362341006,4.29312167600548,0.12280701754385964,0.26948818064246344,90.08519271513327,23.737554864192745,12.134823049446661
0.09949917252651563,4.533456116682372,0.12280701754385964,0.28057523362963077,94.29804884962005,25.766018648653436,12.995331275590777
0.09215012552592101,4.778375325039949,0.12280701754385964,0.29222348546031446,98.84192207258833,28.00371551671287,13.900766393285892
0.0847273741737969,5.022582677225235,0.12280701754385964,0.30442390264595,103.72041979606841,30.462973749710486,14.840483556021908
0.07726171678688522,5.260099662244279,0.12280701754385964,0.3171519100075897,108.9297368426914,33.152479441805376,15.80020786421302
0.06978679462806038,5.484164017945148,0.12280701754385964,0.33036529152144073,114.45832617492586,36.07612117051857,16.762499351644923
0.06233740577474832,5.687853163451148,0.12280701754385964,0.34400481188608706,120.2866772763943,39.232096445349114,17.707733494831892
0.39,1.0,0.12280701754385964,0.0,20.0,0.0,1.0
0.37921469962278626,0.6468119981354833,0.12280701754385964,0.0028545078967271323,29.821438865082783,0.0865233365051164,1.1836410127128796
0.3680742010220269,0.6722303612235558,0.12280701754385964,0.0058974069765839136,30.688204047475086,0.18385902798041215,1.252937508704518
0.3565511548397418,0.700414263526086,0.12280701754385964,0.009150939700381926,31.639607002562414,0.2939802684581383,1.3315764988643903
0.3446147665858433,0.7318394991020813,0.12280701754385964,0.01264132047979933,32.6895665530589,0.4193537466260431,1.4214560389854405
0.3322301636801439,0.7671259642989893,0.12280701754385964,0.016399713962153086,33.85530341295608,0.5631001328817796,1.5249897597160282
0.3193576101746795,0.807069933162627,0.12280701754385964,0.02046352035407317,35.158352787830005,0.7292205711125019,1.645313335261705
0.3059515161615647,0.8527054082198917,0.12280701754385964,0.024878110786719636,36.626072082088015,0.9229213774521204,1.786523435153087
0.2919591915199443,0.9054007901806951,0.12280701754385964,0.029699171915102032,38.29366745457712,1.1510887560290657,1.9541068907449108
0.27731924796413676,0.9670003641262411,0.12280701754385964,0.03499597605269062,40.20726578553995,1.423001256965286,2.15550837865456
0.2619595565820744,1.0400532149210704,0.12280701754385964,0.04085599403547944,42.42839800196322,1.7514204810735352,2.4010503999843973
0.2457946320148984,1.1281801238065479,0.12280701754385964,0.04739156548838843,45.04082103930922,2.154309888177294,2.7053282645218877
0.22872231627963052,1.236615488912464,0.12280701754385964,0.054749789629432805,48.16110063272211,2.6576131989861453,3.089410619745284
0.21061977255466613,1.3731815795828304,0.12280701754385964,0.06312751699994533,51.95515360432906,3.2998731044009917,3.584325491315505
0.19133914497027743,1.5498796996141888,0.12280701754385964,0.07279474292854768,56.66443319911711,4.140121450557855,4.236592886530043
0.1707046047843347,1.7854965996576817,0.12280701754385964,0.08413172265222575,62.646336869250376,5.271563730207945,5.116327944408083
0.1485161870322201,2.1094344388711237,0.12280701754385964,0.09768759546857689,70.43193009885671,6.845307953442506,6.327753368912832
0.12457572284486253,2.5646160378286185,0.12280701754385964,0.11426457672333584,80.78974247797397,9.109216678144854,8.015237215097892
0.09877060261357107,3.1990878554352276,0.12280701754385964,0.13499133177525527,94.73622080604866,12.459287482253812,10.337970597023517
0.07126739661167987,4.012835426375826,0.12280701754385964,0.16118719583010485,113.33899376923576,17.458974474721945,13.34603710879776
0.042770491400064795,4.845150823847598,0.12280701754385964,0.19358066379154357,137.15591182973031,24.68679598195861,16.722083206270955
0.19133914497027743,1.5498796996141888,0.12280701754385964,0.07279474292854768,56.66443319911711,4.140121450557855,4.236592886530043
0.18732666883204652,1.5915223794484648,0.12280701754385964,0.0749138790856534,57.744931282880174,4.33930719745743,4.391562159832235
0.18325857739232737,1.6357084621643438,0.12280701754385964,0.07710298931286036,58.87934928430707,4.550926180738594,4.5562289048480675
0.1791332875315007,1.6825976009378814,0.12280701754385964,0.07936607026906425,60.071545763110414,4.776040350993615,4.731346414004753
0.17494917947049488,1.7324418307516323,0.12280701754385964,0.081707431878477,61.32570136184212,5.015821713007883,4.9177533071324975
0.1707046047843347,1.7854965996576817,0.12280701754385964,0.08413172265222575,62.646336869250376,5.271563730207945,5.116327944408083
0.16639789021421145,1.8420663372410795,0.12280701754385964,0.08664396617623166,64.03834827952583,5.544695785932531,5.328030077291594
0.16202735657895587,1.902389381996928,0.12280701754385964,0.08924958074210775,65.5070084945119,5.836796044518762,5.553886168424692
0.1575913255671748,1.9668162214363323,0.12280701754385964,0.09195442321836705,67.05800697547028,6.149613011024181,5.795007209179043
0.15308814094367365,2.035689371363905,0.12280701754385964,0.09476481779990488,68.69745904155135,6.485071442054137,6.05254418459036
0.1485161870322201,2.1094344388711237,0.12280701754385964,0.09768759546857689,70.43193009885671,6.845307953442506,6.327753368912832
0.14387393623365935,2.188358700561412,0.12280701754385964,0.10073009521895522,72.26839075732613,7.232669284899018,6.621911093463948
0.1391599358011993,2.272906307597222,0.12280701754385964,0.10390026432994529,74.21434319099073,7.649749255548878,6.936367106484566
0.13437291443373647,2.3635010955262574,0.12280701754385964,0.10720658080972327,76.27763227369024,8.099399559467637,7.272494422871732
0.12951178420402693,2.460641985978008,0.12280701754385964,0.11065813268601965,78.46655307127573,8.584748467396226,7.631667695151404
0.12457572284486253,2.5646160378286185,0.12280701754385964,0.11426457672333584,80.78974247797397,9.109216678144854,8.015237215097892
0.11956423759934097,2.6758687095526454,0.12280701754385964,0.11803611525055246,83.25612909897482,9.67652879916819,8.424485873349726
0.11447724511169378,2.7948111602896843,0.12280701754385964,0.1219834330407529,85.87484267221294,10.29071669211604,8.86057098345838
0.10931517174906087,2.9215589667302044,0.12280701754385964,0.12611757187512346,88.65507001140922,10.956115620332033,9.324453119819617
0.10407904538334282,3.056298951664541,0.12280701754385964,0.13044978974843727,91.60591585202921,11.677347980068257,9.816817563199436
0.09877060261357107,3.1990878554352276,0.12280701754385964,0.13499133177525527,94.73622080604866,12.459287482253812,10.337970597023517
0.09339240990315303,3.349514985106778,0.12280701754385964,0.13975311161558343,98.05430176114666,13.307006409404412,10.887747864130581
0.08794794669702867,3.5071274308639415,0.12280701754385964,0.14474537858224126,101.56775679358051,14.225699304110874,11.46536622817333
0.08244171514638594,3.671072723242619,0.12280701754385964,0.1499772528723084,105.28310241003435,15.220573731236195,12.069324937922223
0.07687929536374864,3.8402559854618064,0.12280701754385964,0.1554561312730542,109.20565247886641,16.296727037281883,12.697297235601981
0.07126739661167987,4.012835426375826,0.12280701754385964,0.16118719583010485,113.33899376923576,17.458974474721945,13.34603710879776
0.06561380290557287,4.186882063666313,0.12280701754385964,0.16717278846146566,117.68499337189301,18.711675276957507,14.011334293932176
0.05992731725238472,4.359965345521411,0.12280701754385964,0.17341200549530786,122.24325775567932,20.05852402414912,14.68800783799398
0.05421763877468538,4.529341945786379,0.12280701754385964,0.1798998883926165,127.01129025904329,21.50234618271502,15.369991761629759
0.04849511246557439,4.692037876079779,0.12280701754385964,0.18662722448659566,131.98454814826056,23.044919643440757,16.05046564502673
0.042770491400064795,4.845150823847598,0.12280701754385964,0.19358066379154357,137.15591182973031,24.68679598195861,16.722083206270955
0.39,1.0,0.12280701754385964,0.0,20.0,0.0,1.0
0.3763826767664528,0.6563884159646559,0.12280701754385964,0.0019267145055644633,30.037082795592045,0.05881555349051851,1.1951520728321143
0.3625265944314784,0.6850514402082408,0.12280701754385964,0.003980534453740488,31.138973898123673,0.1258886155694696,1.2777236051525125
0.3484133211486239,0.7168297726410676,0.12280701754385964,0.006176370405683942,32.34794549851185,0.20278477206776474,1.3717591987076245
0.3340221848999417,0.7522637963273217,0.12280701754385964,0.008531790830389026,33.681508455786215,0.2914676489050325,1.479604774444018
0.31932987209601527,0.7920916401788402,0.12280701754385964,0.011067673043110743,35.1612724793509,0.3944289418529399,1.604246978226876
0.3043099317494529,0.8372342366692588,0.12280701754385964,0.013809060798698366,36.81421182195037,0.5148710590084642,1.7495326031066771
0.2889321590921043,0.8889029147506503,0.12280701754385964,0.01678631053166486,38.67441823642121,0.6569679273422567,1.9204919999004797
0.2731618319755901,0.9487017784382036,0.12280701754385964,0.020036636731638635,40.785496058043144,0.8262441007642222,2.123753237825344
0.25695871606890774,1.018801108718554,0.12280701754385964,0.02360631754407598,43.20439340364185,1.0301371413357876,2.3682569658317476
0.24027592712207024,1.1022103363155848,0.12280701754385964,0.027553615458168545,46.00579122435924,1.2788459403705332,2.6661235787570647
0.22305839867056437,1.2031664192900495,0.12280701754385964,0.031953244470684206,49.290065308870446,1.5866361853989186,3.034062116589415
0.2052411842448014,1.327773844564675,0.12280701754385964,0.03690273412024713,53.19358436905567,1.973891129112575,3.4953239490983554
0.1867476234225291,1.485034275207186,0.12280701754385964,0.042532102630430016,57.903968283872075,2.470375953973491,4.082427760483598
0.1674879625246164,1.6884054351605553,0.12280701754385964,0.04901865790630939,63.68093230419565,3.1204833107999805,4.840658046908497
0.14735994167479294,1.9580522613792848,0.12280701754385964,0.056609612605504095,70.88210931116949,3.99160411775842,5.831784501622513
0.12625507015269238,2.3231383497665385,0.12280701754385964,0.0656546816209694,79.98772951322152,5.186994277677133,7.135486393167244
0.10407866147929878,2.8208950483672757,0.12280701754385964,0.07664346682599328,91.60614596016633,6.8633812593513515,8.841476154431039
0.08079746687978674,3.4814104522442193,0.12280701754385964,0.09021408907129956,106.42477441177189,9.247640189330298,11.016363105206239
0.056525364514242504,4.281888921105208,0.12280701754385964,0.10703947442291341,125.06125869962382,12.630038962578972,13.624941485643156
0.031615120993218206,5.081562218193277,0.12280701754385964,0.1274710467274555,147.80244454555105,17.289034316067347,16.42228066508334
0.1674879625246164,1.6884054351605553,0.12280701754385964,0.04901865790630939,63.68093230419565,3.1204833107999805,4.840658046908497
0.16353528013705482,1.7362343669468778,0.12280701754385964,0.05043902275412843,64.99375721150308,3.274338319101429,5.017955858182691
0.1595470104025645,1.7868823445396886,0.12280701754385964,0.051905646634856556,66.36660455381067,3.437600938259344,5.2050824241124864
0.15552229880736435,1.8406037540820592,0.12280701754385964,0.05342106479427424,67.80296385503097,3.611015513838236,5.402659785202613
0.15146023636888417,1.897563141788411,0.12280701754385964,0.05498806843934558,69.30678935597304,3.7953892490214254,5.611332328409334
0.14735994167479294,1.9580522613792848,0.12280701754385964,0.056609612605504095,70.88210931116949,3.99160411775842,5.831784501622513
0.1432205419186879,2.0223195900815427,0.12280701754385964,0.05828886364324186,72.53316702717069,4.2006190892986695,6.064686016792405
0.13904117298388008,2.090696820944821,0.12280701754385964,0.06002922497008572,74.26445654401373,4.423479339177928,6.3107703629752745
0.13482099665439443,2.163399087640793,0.12280701754385964,0.06183434198011709,76.08067627787787,4.661321920393714,6.57077054189173
0.13055921102741713,2.240778408614554,0.12280701754385964,0.06370811100536566,77.98673933330598,4.91537934874603,6.84542546449568
0.12625507015269238,2.3231383497665385,0.12280701754385964,0.0656546816209694,79.98772951322152,5.186994277677133,7.135486393167244
0.12190788787348288,2.4108697193094963,0.12280701754385964,0.0676784817704045,82.0889427723954,5.477616580249157,7.441700197880588
0.1175170713192906,2.504179337938336,0.12280701754385964,0.06978419491131865,84.29579993489298,5.788815035595165,7.764765630387495
0.11308213680309598,2.6034219584361504,0.12280701754385964,0.07197676323321095,86.61384621329744,6.1222776561969345,8.105359344263691
0.10860272831124874,2.708883748575542,0.12280701754385964,0.0742613863529285,89.04874054683287,6.47982186746695,8.464098727764059
0.10407866147929878,2.8208950483672757,0.12280701754385964,0.07664346682599328,91.60614596016633,6.8633812593513515,8.841476154431039
0.09950994387903063,2.9395046213914635,0.12280701754385964,0.07912859172076556,94.29172268756521,7.275024652899916,9.237918082376254
0.0948968100544342,3.06489267759131,0.12280701754385964,0.08172247712825187,97.11106208584773,7.716934533298685,9.653679859611955
0.0902397590420343,3.1971679639747985,0.12280701754385964,0.08443089408800673,100.06960993035923,8.191403395236945,10.088829329161692
0.08553959667927563,3.3360759976948833,0.12280701754385964,0.08725956699569173,103.17256451576351,8.700818481376293,10.54320516520379
0.08079746687978674,3.4814104522442193,0.12280701754385964,0.09021408907129956,106.42477441177189,9.247640189330298,11.016363105206239
0.07601489140624443,3.6327676437675342,0.12280701754385964,0.093299714410056,109.83077717816849,9.834378683438072,11.50759365737309
0.07119380027510651,3.7894696852369827,0.12280701754385964,0.09652129167925677,113.39449230763812,10.463551101036165,12.015766986105158
0.06633656153077731,3.950776353333634,0.12280701754385964,0.0998829978460102,117.11928642115909,11.137643709708826,12.539404806799704
0.06144599130316355,4.115340300889385,0.12280701754385964,0.10338827836774425,121.00761339868961,11.859054416922522,13.076583355740594
0.056525364514242504,4.281888921105208,0.12280701754385964,0.10703947442291341,125.06125869962382,12.630038962578972,13.624941485643156
0.05157839649338335,4.448824186693489,0.12280701754385964,0.11083774507061149,129.28103788288448,13.452647242816624,14.181683339259855
0.04660923701940806,4.614310304699958,0.12280701754385964,0.1147826722021672,133.66697576773535,14.328643081167034,14.743557215873977
0.04162238433323258,4.776347288039593,0.12280701754385964,0.11887257205666027,138.21755294776568,15.259450365126142,15.306963901861657
0.03662266293410703,4.932827880211483,0.12280701754385964,0.1231038181604739,142.9305199832562,16.246071515887568,15.867938937560071
0.031615120993218206,5.081562218193277,0.12280701754385964,0.1274710467274555,147.80244454555105,17.289034316067347,16.42228066508334
0.39,1.0,0.12280701754385964,0.0,20.0,0.0,1.0
0.37447922861269684,0.6666910388197299,0.12280701754385964,0.0013032162271190402,30.183790178486927,0.0399732615010508,1.204328056574346
0.3588143067020258,0.6995030375052276,0.12280701754385964,0.00269820998237108,31.44810913089113,0.08616607065732293,1.2976918727903735
0.34299248148850126,0.7360213520733743,0.12280701754385964,0.004195908147280402,32.83768183100586,0.1398114111822927,1.4044572269758628
0.3269994104376211,0.7769141849881108,0.12280701754385964,0.005809191957315625,34.372991066438146,0.20246239528072432,1.527395124956141
0.3108188765906932,0.8231001892621647,0.12280701754385964,0.00755337634723371,36.07929984458115,0.27609749836877884,1.6700138231391306
0.29443243933692786,0.8757446133382122,0.12280701754385964,0.009446836439038042,37.988040825880866,0.3632686426744599,1.8368236987185849
0.27781900071432286,0.9363764467414382,0.12280701754385964,0.01151184950810722,40.13883644579123,0.4673111422807415,2.033665780119473
0.260954269324562,1.007035695271721,0.12280701754385964,0.013775731486853269,42.582191329825015,0.5926480269097608,2.2682113893537603
0.24381009719371768,1.0905261146657157,0.12280701754385964,0.016272406394772843,45.38327176048625,0.7452366615184233,2.550621254581788
0.22635367100535028,1.1906994149770485,0.12280701754385964,0.019044609955257735,48.62713537328669,0.9332335395287187,2.8944574659429176
0.20854654485707363,1.313004838413807,0.12280701754385964,0.02214706385813335,52.42604060129961,1.1679997856209454,3.317928767151219
0.19034358212777208,1.465267872492399,0.12280701754385964,0.025651095366880983,56.92905905369745,1.4656396929704592,3.8454422577707787
0.17169193864975002,1.658888060029926,0.12280701754385964,0.02965156405783789,62.3346861812683,1.8493563913294107,4.5095375083821425
0.1525305822715292,1.9104706302395476,0.12280701754385964,0.034277188642727795,68.90514546542147,2.3530631325616844,5.352485989837313
0.13279143780806704,2.2437558407939626,0.12280701754385964,0.039705485346514455,76.97920158236643,3.0267687885753642,6.427097392953835
0.11240450143345593,2.6902257386038273,0.12280701754385964,0.04618192716416727,86.97609046379195,3.944112129144477,7.79339792830939
0.09131132384362249,3.283974228762196,0.12280701754385964,0.054036287366566974,99.37873680692452,5.21131602278233,9.506996619693538
0.06949285486098095,4.041561735281872,0.12280701754385964,0.06367336252242506,114.68349831844705,6.973276119145799,11.5905098693075
0.04701394441860355,4.920415601603191,0.12280701754385964,0.07549334613349723,133.30439622058756,9.405114822529976,13.98338837025459
0.024067380180284936,5.780872799328091,0.12280701754385964,0.08970209313644928,155.4328327510259,12.670480878916445,16.487775033005356
0.1525305822715292,1.9104706302395476,0.12280701754385964,0.034277188642727795,68.90514546542147,2.3530631325616844,5.352485989837313
0.14863124311965376,1.969692956275463,0.12280701754385964,0.035291885006434445,70.38737440769702,2.4722432656769824,5.5470332677588186
0.1447082286979331,2.032368575752932,0.12280701754385964,0.036340182388487914,71.93261065677534,2.5986450574927873,5.751272422928824
0.1407609716106151,2.0987580988647605,0.12280701754385964,0.037423894127345404,73.5440513365047,2.732805548443634,5.965701401506085
0.13678889663644497,2.1691543671891225,0.12280701754385964,0.038544971284522236,75.22508703159588,2.875304767690877,6.190810524258404
0.13279143780806704,2.2437558407939626,0.12280701754385964,0.039705485346514455,76.97920158236643,3.0267687885753642,6.427097392953835
0.12876803581009028,2.3228688930922265,0.12280701754385964,0.040907646997393,78.81002281698488,3.1878737260633585,6.6750606659973055
0.12471814758116324,2.40677308910437,0.12280701754385964,0.04215380708986041,80.72125284069647,3.3593481829682337,6.935201824203157
0.12064125275703852,2.495754298341436,0.12280701754385964,0.04344645431761148,82.71671935609147,3.541973452027162,7.207988681489961
0.11653685648392603,2.5901865545047715,0.12280701754385964,0.044788231640841336,84.8003355089437,3.7365930751570096,7.493903063545961
0.11240450143345593,2.6902257386038273,0.12280701754385964,0.04618192716416727,86.97609046379195,3.944112129144477,7.79339792830939
0.10824377969635211,2.796185891660684,0.12280701754385964,0.047630468974753606,89.24800695664541,4.165498265505591,8.106874677286472
0.1040543381204069,2.908350209585273,0.12280701754385964,0.0491369281650945,91.6201662367193,4.401777081565235,8.434712561951617
0.0998358965145485,3.0269867655260074,0.12280701754385964,0.05070449820244946,94.09664040036304,4.654055058036685,8.77720868026588
0.09558825755008407,3.1521336831310465,0.12280701754385964,0.05233648622076644,96.68149344129644,4.92348904794852,9.134578189687009
0.09131132384362249,3.283974228762196,0.12280701754385964,0.054036287366566974,99.37873680692452,5.21131602278233,9.506996619693538
0.08700511265921693,3.422557095648171,0.12280701754385964,0.05580735915287725,102.19230582665959,5.51881702425056,9.894446345387111
0.08266977479095625,3.5678181599106567,0.12280701754385964,0.057653191631268384,105.12597409709272,5.847347486380469,10.29686639087521
0.07830560846168093,3.719601921445377,0.12280701754385964,0.05957723405576881,108.1834761918077,6.198303850203758,10.714001318602568
0.07391308303716582,3.877735556896218,0.12280701754385964,0.06158288055985745,111.3682337032733,6.573124288120243,11.14541973023808
0.06949285486098095,4.041561735281872,0.12280701754385964,0.06367336252242506,114.68349831844705,6.973276119145799,11.5905098693075
0.06504577998351498,4.21057627474213,0.12280701754385964,0.06585176020474276,118.13205343980442,7.40024005348362,12.04843278800224
0.06057293020366662,4.384029361005235,0.12280701754385964,0.06812082250257295,121.7165083276893,7.855489084943165,12.51812775256603
0.05607560968379945,4.560936315012832,0.12280701754385964,0.07048293093240533,125.4389787816789,8.34046964516023,12.998274757704824
0.05155535584634476,4.740172891441725,0.12280701754385964,0.07294000919389992,129.3011324486303,8.856574403419332,13.487311531188862
0.04701394441860355,4.920415601603191,0.12280701754385964,0.07549334613349723,133.30439622058756,9.405114822529976,13.98338837025459
0.04245338744462472,5.1001855454800875,0.12280701754385964,0.07814373499655439,137.44905377632173,9.98728852435915,14.484409327113035
0.03787592533044916,5.277856231547517,0.12280701754385964,0.08089109322761963,141.7351917869972,10.604143139242625,14.988005813219086
0.03328399227479656,5.45170759442896,0.12280701754385964,0.08373458723666628,146.16224413831256,11.256561177119705,15.491648075487602
0.028680224551505745,5.620073546344376,0.12280701754385964,0.08667243435868968,150.72884932309074,11.945195501293584,15.992510205919393
0.024067380180284936,5.780872799328091,0.12280701754385964,0.08970209313644928,155.4328327510259,12.670480878916445,16.487775033005356
