shrinking_speed_steady_state,velocity_decay_timescale,equilibrium_density,P0_end_fit,lengthscale_density_end_fit,accumulation_end_fit,accumulation_timescale
0.39,1.0,0.6917742246195338,1.0414953097544427e-13,6.155204691555835,1.0795593857729126e-05,5563819.449093143
0.37630030972793616,0.17740810718491085,0.6917742246195338,0.010773994460662732,4.115168959415574,0.04994171915728824,0.21674559706857702
0.36216726938806015,0.1846682586337378,0.6917742246195338,0.02188553466097304,4.256349595057252,0.10452319601640606,0.22835624676090868
0.3475802251718703,0.19260794364597733,0.6917742246195338,0.03335013141687126,4.413879859051254,0.1645072779227978,0.24146159109642004
0.3325172502177818,0.20130969528947215,0.6917742246195338,0.04518410592172371,4.590768896249944,0.23084059424942988,0.25635130066601997
0.31695506568431925,0.2108661768796812,0.6917742246195338,0.05740458887463,4.790809590540917,0.3047128926597639,0.2733948990913226
0.30086896530984725,0.22138727328893337,0.6917742246195338,0.07002949068091915,5.0188501300296835,0.38764098433296984,0.29307450086549924
0.2842327499503261,0.23299560843450762,0.6917742246195338,0.0830774240960256,5.281186155929759,0.481589763777483,0.3160265273375103
0.2670186834184745,0.24583434519375313,0.6917742246195338,0.09656754833896254,5.586140456790371,0.5891511383292124,0.34311743665898403
0.24919748962317273,0.2600690115123999,0.6917742246195338,0.11051928180113724,5.944942910995008,0.7138153776581623,0.37555849130580304
0.23073842710896428,0.275885853161962,0.6917742246195338,0.12495179020772383,6.373107119774619,0.8603953276977176,0.4150987400606989
0.21160950815988214,0.29350350411018294,0.6917742246195338,0.1398830799964008,6.892659992407532,1.0357130449404943,0.46437868337112775
0.1917779924268988,0.3131769026330186,0.6917742246195338,0.1553283718474355,7.535900214701014,1.2497562883837303,0.5275791910135246
0.17121141870833304,0.33519582166880335,0.6917742246195338,0.1712971019783271,8.352036025651962,1.5177188535564694,0.6116973866664778
0.14987974129357493,0.3598854970610928,0.6917742246195338,0.18778716258348102,9.419563295037555,1.8638010114320784,0.729233025462231
0.12775987096323022,0.3875679259678861,0.6917742246195338,0.20477322507981777,10.870857491100457,2.3287481062750306,0.9041620637724537
0.10484583139365457,0.41843782267910273,0.6917742246195338,0.22218144404847628,12.944685139028037,2.985913051619211,1.1860760699272692
0.08117302556896809,0.45216760636597875,0.6917742246195338,0.23983052459659515,16.107094191523903,3.9781014913676485,1.6852821391387576
0.05687952625901877,0.48676368510853885,0.6917742246195338,0.25728695472210406,21.344376539137713,5.606332040522468,2.6600499916124067
0.032352659253753614,0.5157778508519693,0.6917742246195338,0.2735357965255645,30.8122346363843,8.524983513466692,4.679480043554729
0.008412472914692772,0.525964127528686,0.6917742246195338,0.28665988852848434,48.38246191672038,13.905068826325941,8.382614760579331
0.14987974129357493,0.3598854970610928,0.6917742246195338,0.18778716258348102,9.419563295037555,1.8638010114320784,0.729233025462231
0.1455193547373208,0.36517295305055214,0.6917742246195338,0.19114612663603728,9.673493014795316,1.9455503410129458,0.7585431219874815
0.14112725922951913,0.3705832141581943,0.6917742246195338,0.1945247097482854,9.94387994743086,2.032394989848787,0.7903486676646472
0.13670335210394588,0.37611778523035433,0.6917742246195338,0.19792246626803087,10.232324818858054,2.124826927310464,0.8249652733809161
0.13224756512478753,0.3817789190081286,0.6917742246195338,0.20133885536911716,10.540634992467773,2.2234016971592587,0.8627606261249909
0.12775987096323022,0.3875679259678861,0.6917742246195338,0.20477322507981777,10.870857491100457,2.3287481062750306,0.9041620637724537
0.12324029112420308,0.39348532668558694,0.6917742246195338,0.2082247931797821,11.225317989508037,2.441580433485125,0.9496679067010632
0.11868890519227855,0.39953284849668796,0.6917742246195338,0.21169262455828342,11.606667497111598,2.562712152073493,0.9998654787765849
0.11410586212750425,0.4057082485702237,0.6917742246195338,0.21517560402120373,12.017937877649471,2.693073548096287,1.055431649665737
0.10949139381019533,0.41201115746545863,0.6917742246195338,0.21867240372550475,12.462608338187808,2.8337312634192835,1.117187836530542
0.10484583139365457,0.41843782267910273,0.6917742246195338,0.22218144404847628,12.944685139028037,2.985913051619211,1.1860760699272692
0.10016962504832165,0.4249835036817935,0.6917742246195338,0.22570084645177874,13.468797350006243,3.151036608804253,1.2632313061741947
0.09546336806487604,0.43164038465616195,0.6917742246195338,0.22922837680387004,14.04031161179305,3.330744088299547,1.3499829976618807
0.09072782565347062,0.4383999498830525,0.6917742246195338,0.2327613768189837,14.665470569844771,3.526944383584038,1.447921366533444
0.08596397079646398,0.44524815064159917,0.6917742246195338,0.23629668259680878,15.351557162091337,3.7418632669968295,1.5589364184722507
0.08117302556896809,0.45216760636597875,0.6917742246195338,0.23983052459659515,16.107094191523903,3.9781014913676485,1.6852821391387576
0.07635651365315546,0.4591349411601658,0.6917742246195338,0.24335841200160824,16.942075927644883,4.238707384073055,1.8296267370940187
0.07151632045143375,0.46612070373010717,0.6917742246195338,0.2468749931243323,17.868244118159254,4.527257409608613,1.9951579852876562
0.06665476539795553,0.4730873267926004,0.6917742246195338,0.2503738948910172,18.899403303451145,4.847951561013893,2.1856493285780365
0.06177468508566012,0.47998770258304685,0.6917742246195338,0.2538475413262594,20.05177471856668,5.205719287175522,2.405546596933836
0.05687952625901877,0.48676368510853885,0.6917742246195338,0.25728695472210406,21.344376539137713,5.606332040522468,2.6600499916124067
0.051973445389034735,0.4933440112486634,0.6917742246195338,0.26068155317559205,22.799401776490544,6.0565162642749435,2.9550868258613656
0.04706140524635037,0.49964329473688895,0.6917742246195338,0.2640189629547922,24.442548411034185,6.564053029012791,3.29734368372911
0.042149257764663904,0.5055612657106203,0.6917742246195338,0.26728490169171737,26.303203540862757,7.1378298415496175,3.694024777702052
0.03724378289983252,0.510982807071745,0.6917742246195338,0.2704631583755925,28.414384756688,7.78783009220128,4.152476111193923
0.032352659253753614,0.5157778508519693,0.6917742246195338,0.2735357965255645,30.8122346363843,8.524983513466692,4.679480043554729
0.02748431341977519,0.5198174503090909,0.6917742246195338,0.27648361608208083,33.53494489191657,9.360838403322452,5.280189502607197
0.022647634118105192,0.522965245194435,0.6917742246195338,0.2792870879627465,36.62080614250811,10.306992497355713,5.956682150072932
0.01785149099235336,0.5250988583454276,0.6917742246195338,0.2819275656644858,40.10560989740942,11.374274299959037,6.706352402310275
0.013104127596188562,0.5261194349934414,0.6917742246195338,0.284389044762747,44.01926646635593,12.571652957689329,7.52032429761591
0.008412472914692772,0.525964127528686,0.6917742246195338,0.28665988852848434,48.38246191672038,13.905068826325941,8.382614760579331
0.39,1.0,0.6917742246195338,1.0414953097544427e-13,6.155204691555835,1.0795593857729126e-05,5563819.449093143
0.3723165159741326,0.18335779247139591,0.6917742246195338,0.003374008095411508,4.153898847017207,0.01576989833482446,0.22042616394986592
0.3545563307096787,0.19364616968292853,0.6917742246195338,0.006969013578331875,4.336955238837876,0.033842534462333235,0.23623043980940556
0.33671193689828305,0.20486226156877227,0.6917742246195338,0.010807784903988647,4.539950565723005,0.054668754903096674,0.2540523557438565
0.31877494403774637,0.21713580387885034,0.6917742246195338,0.01491666682401992,4.76642900209396,0.07881775510102045,0.2743057404203113
0.30073593795711717,0.23059226417958287,0.6917742246195338,0.019326382972800694,5.02083536515499,0.10701740912943981,0.2974949090363166
0.28258430971048526,0.2454124429980417,0.6917742246195338,0.02407307841985069,5.30882085776728,0.1402118732243285,0.3243167808228938
0.2643080452576537,0.2618035303552597,0.6917742246195338,0.029199692901827775,5.637682044137045,0.1796457523376297,0.3556974674949106
0.24589346458463918,0.28001759358665546,0.6917742246195338,0.03475779719365336,6.017005698182422,0.22698977955066393,0.3929159504227498
0.22732489534570485,0.30036728924431594,0.6917742246195338,0.040810089417038724,6.459640853260397,0.2845338592538362,0.43779449955210853
0.20858426181518727,0.32325493980019115,0.6917742246195338,0.04743384877476058,6.983207718842485,0.35549234717713274,0.4930217077268622
0.1896505657650778,0.34920352063525134,0.6917742246195338,0.05472580345529929,7.6125199109136,0.44450407693510985,0.562709349249452
0.17049923505698422,0.3789102204476012,0.6917742246195338,0.0628091215510658,8.383625917958645,0.5584845578243017,0.6534074820328764
0.15110132883602048,0.413331493086029,0.6917742246195338,0.07184362282672545,9.35086032153808,0.7081471500216919,0.7760246592932057
0.13142264878695634,0.4538024728578817,0.6917742246195338,0.08204085067533748,10.599799698432141,0.9108678731288921,0.9495887635940017
0.11142302160371188,0.5022194814981661,0.6917742246195338,0.09368611010936848,12.272528617894155,1.196425602248047,1.2089925923650324
0.09105674658323869,0.561263683321366,0.6917742246195338,0.10716845656052904,14.620296717314464,1.6193354599490406,1.6218081530740611
0.070277667186871,0.6344402043926125,0.6917742246195338,0.12300923458510012,18.120799256648493,2.2873250761964368,2.3269358552857486
0.0490604939585135,0.7247923891727639,0.6917742246195338,0.14182473206170063,23.74944808119037,3.4303806110862056,3.621960325354092
0.02747141078253646,0.8275153800955162,0.6917742246195338,0.16393279801236063,33.54264970009813,5.556209333462349,6.086118116411778
0.005813657810862836,0.9101683254988489,0.6917742246195338,0.18794704255910624,51.02359779076877,9.618870564441048,10.194897107305653
0.13142264878695634,0.4538024728578817,0.6917742246195338,0.08204085067533748,10.599799698432141,0.9108678731288921,0.9495887635940017
0.12744979266937642,0.4627774359179987,0.6917742246195338,0.08424331755033275,10.89445119861471,0.960077301775428,0.9930658315828546
0.12346376662850415,0.4720859071113597,0.6917742246195338,0.086506090612821,11.20724304707525,1.0128491402897117,1.0402665276187522
0.11946421011287423,0.4817484984427611,0.6917742246195338,0.0888320611370965,11.5398731363722,1.0695473152614225,1.0916369240133936
0.115450753941768,0.49178504479163454,0.6917742246195338,0.09122430826325703,11.89425089406952,1.1305834099868115,1.1476861723418044
0.11142302160371188,0.5022194814981661,0.6917742246195338,0.09368611010936848,12.272528617894155,1.196425602248047,1.2089925923650324
0.10738063023910253,0.5130770214389501,0.6917742246195338,0.09622095609123286,12.677141949563723,1.2676065948501778,1.2762263260973414
0.10332319316810527,0.5243814710205684,0.6917742246195338,0.0988325562982848,13.110852978029186,1.3447355138139294,1.3501597757581065
0.09925032245855489,0.5361617433676884,0.6917742246195338,0.10152485029632638,13.576804851051754,1.4285106631696323,1.4316874468662866
0.0951616330018435,0.5484456521235672,0.6917742246195338,0.1043020130864381,14.078583272632711,1.5197350173616255,1.5218359783559074
0.09105674658323869,0.561263683321366,0.6917742246195338,0.10716845656052904,14.620296717314464,1.6193354599490406,1.6218081530740611
0.08693529964018337,0.5746468396531037,0.6917742246195338,0.11012882334502255,15.206659403025249,1.7283850413436064,1.7330009714190855
0.08279695049438181,0.5886256916048433,0.6917742246195338,0.1131879737477353,15.84310410588299,1.8481294893254079,1.8570401187985472
0.07864139137322927,0.6032305007486316,0.6917742246195338,0.11635095545539592,16.535903492646963,1.9800216556180035,1.9958301183382567
0.07446836180606178,0.6184934273815663,0.6917742246195338,0.11962295731149865,17.292323819118185,2.125757269451645,2.1515900033991633
0.070277667186871,0.6344402043926125,0.6917742246195338,0.12300923458510012,18.120799256648493,2.2873250761964368,2.3269358552857486
0.06606920198068579,0.6510918667745095,0.6917742246195338,0.1265149986393118,19.031137391792402,2.4670591040849614,2.5248809993219377
0.06184297898720901,0.6684615752574886,0.6917742246195338,0.13014525774929855,20.034756430405753,2.6677050623473053,2.748967226304805
0.05759916582343006,0.686550312734048,0.6917742246195338,0.13390459371644164,21.144953873145536,2.892493857700734,3.003279294131843
0.0533381300455699,0.705341010360471,0.6917742246195338,0.13779685160380153,22.377201658935604,3.145229875768708,3.29250858328335
0.0490604939585135,0.7247923891727639,0.6917742246195338,0.14182473206170063,23.74944808119037,3.4303806110862056,3.621960325354092
0.04476719778438138,0.7448217096055557,0.6917742246195338,0.14598924524476464,25.282422043822535,3.7531741551435966,3.997514334809106
0.04045957193282114,0.7653214401865431,0.6917742246195338,0.15028903256380463,26.999868769934952,4.119689891731095,4.425482243064293
0.036139412531047674,0.7861115925329627,0.6917742246195338,0.15471953862205504,28.928669682640876,4.536926239736076,4.912360060816946
0.03180905168952494,0.8069491882591915,0.6917742246195338,0.15927206724124626,31.098752537174782,5.012823750969982,5.4642269262542325
0.02747141078253646,0.8275153800955162,0.6917742246195338,0.16393279801236063,33.54264970009813,5.556209333462349,6.086118116411778
0.02313001628185456,0.8474091391747108,0.6917742246195338,0.1686819288578965,36.29456286570494,6.176612372431775,6.780864767382344
0.018788953364502793,0.8661564048437329,0.6917742246195338,0.17349313571973451,39.38885951724178,6.8839268270090646,7.54781357290871
0.014452738364301426,0.8832257972744192,0.6917742246195338,0.17833369010017816,42.85790190798341,7.687861160725514,8.381373279141242
0.010126095731432718,0.8980684945088321,0.6917742246195338,0.18316546115653065,46.72942219268266,8.597193289257737,9.269857976135725
0.005813657810862836,0.9101683254988489,0.6917742246195338,0.18794704255910624,51.02359779076877,9.618870564441048,10.194897107305653
0.39,1.0,0.6917742246195338,1.0414953097544427e-13,6.155204691555835,1.0795593857729126e-05,5563819.449093143
0.3710663323032281,0.19046185506540292,0.6917742246195338,0.001051894767273352,4.166221385841536,0.0049293884616198064,0.22205803942136643
0.35212234522438335,0.20049090136882008,0.6917742246195338,0.0021992882548704457,4.363454714305703,0.010738083164842671,0.23989010673498828
0.3331663889950979,0.21414006643488417,0.6917742246195338,0.0034553404801015873,4.582822595461427,0.017625602553123298,0.26016695040605664
0.3141965084545636,0.22928919075276827,0.6917742246195338,0.004835747048428798,4.828292502099058,0.025849520240372115,0.28341528563989044
0.29521037344841466,0.24618264798405567,0.6917742246195338,0.006359389510440837,5.1048400472008755,0.035746739666617115,0.3103194000002105
0.2762051895810338,0.26510533131864883,0.6917742246195338,0.008049199958112239,5.418790006519252,0.04776442305817751,0.34177466887432595
0.25717758253661765,0.28644676868240704,0.6917742246195338,0.009933327935275503,5.778305103531951,0.06250590549744192,0.3790196538644776
0.2381234463884316,0.3106387602894259,0.6917742246195338,0.012046741838543406,6.1941025045747145,0.08080055207354607,0.4237437592991711
0.21903774220298744,0.3383547566198418,0.6917742246195338,0.014433467368190121,6.680531025345088,0.10381275807386041,0.4784727291091239
0.1999142271678567,0.3704061288008319,0.6917742246195338,0.017149780465263303,7.257237773252168,0.1332176725858942,0.5468829145786873
0.18074508555087576,0.4079750355703941,0.6917742246195338,0.020268863731833977,7.9518323621516505,0.17149405646066498,0.6346829813464315
0.16152042011861037,0.45274586283003315,0.6917742246195338,0.02388776101683077,8.804308102125725,0.22243264341131577,0.7509411982894729
0.14222754641025134,0.5072314454089075,0.6917742246195338,0.02813802458034821,9.874700781888752,0.2920601258136703,0.9106070525589509
0.12285001870245907,0.5753368837484034,0.6917742246195338,0.033202399915288595,11.257025169571465,0.390411211350443,1.1391913121871864
0.10336633704819952,0.6634321163362181,0.6917742246195338,0.03934138420774087,13.106087416829865,0.5351407080622441,1.4821227818555853
0.08374847237300306,0.7823872028190824,0.6917742246195338,0.04693506516110029,15.692258661001125,0.7594099387990282,2.0244977086084774
0.06396122595757017,0.9514181656739646,0.6917742246195338,0.05654271714430879,19.519812713278306,1.1303386172789767,2.934765753075091
0.043966972835405876,1.2031534155341612,0.6917742246195338,0.06894824191919707,25.58715745891009,1.7941686697120756,4.553493430907221
0.023751444983667082,1.5734403162884778,0.6917742246195338,0.08497885567150007,35.880501122123455,3.0791510220024882,7.473280472140123
0.003394254289215561,1.9981319042719692,0.6917742246195338,0.1044447219292498,53.630703397528166,5.621134853066042,12.009494783958102
0.12285001870245907,0.5753368837484034,0.6917742246195338,0.033202399915288595,11.257025169571465,0.390411211350443,1.1391913121871864
0.11896256930976414,0.5910916628327725,0.6917742246195338,0.034334109289778474,11.582989591884001,0.4148816558491624,1.1966607352291705
0.1150706926951355,0.6076992418650934,0.6917742246195338,0.03551099938703152,11.928944820788915,0.44135489356599095,1.259080165153569
0.11117417958379501,0.6252340495789299,0.6917742246195338,0.03673581075312626,12.296690391048886,0.4700501421334043,1.327022471667739
0.10727280608190454,0.6437809226395265,0.6917742246195338,0.038011531244118026,12.688298630654957,0.5012170860856603,1.4011246238864863
0.10336633704819952,0.6634321163362181,0.6917742246195338,0.03934138420774087,13.106087416829865,0.5351407080622441,1.4821227818555853
0.09945452531368416,0.6842921340243497,0.6917742246195338,0.04072885361941258,13.552666531556316,0.5721470822746759,1.5708520337979148
0.09553711111100932,0.7064785659145398,0.6917742246195338,0.04217771002230034,14.030989142549544,0.6126110549834626,1.6682738402957369
0.09161382220497775,0.7301188225685638,0.6917742246195338,0.04369203205674707,14.544404625531518,0.6569637295355066,1.7754776016044012
0.0876843745236177,0.7553671997738447,0.6917742246195338,0.045276228701406684,15.096715142191645,0.705704091686627,1.8937318540546129
0.08374847237300306,0.7823872028190824,0.6917742246195338,0.04693506516110029,15.692258661001125,0.7594099387990282,2.0244977086084774
0.07980581000912568,0.8113643352394759,0.6917742246195338,0.04867368219534842,16.335989998075473,0.8187533764829985,2.1694450011586977
0.07585607340150467,0.8425094678975235,0.6917742246195338,0.050497614960063414,17.03358665181913,0.8845184714216674,2.3305284863741353
0.07189894334075203,0.8760549169249189,0.6917742246195338,0.0524128027317228,17.79156553953602,0.9576225105538343,2.5099810230953556
0.06793409949098181,0.9122610252325278,0.6917742246195338,0.05442559086119987,18.617425009328215,1.0391406010376578,2.7103931798734267
0.06396122595757017,0.9514181656739646,0.6917742246195338,0.05654271714430879,19.519812713278306,1.1303386172789767,2.934765753075091
0.059980020522384665,0.9938464495402927,0.6917742246195338,0.058771265658911394,20.50868677003007,1.2327062031423952,3.186506939212127
0.055990203484853084,1.0398590999198185,0.6917742246195338,0.061118607375491435,21.595560695957506,1.3480030479712737,3.4695527755815054
0.05199153322146917,1.0898499502590187,0.6917742246195338,0.06359226498440464,22.79371328340135,1.4783057716774877,3.7883467918691607
0.047983824958375505,1.1441565650858194,0.6917742246195338,0.06619974104285044,24.118404880271008,1.626065193803129,4.147840411705739
0.043966972835405876,1.2031534155341612,0.6917742246195338,0.06894824191919707,25.58715745891009,1.7941686697120756,4.553493430907221
0.03994097957939192,1.2671005151252162,0.6917742246195338,0.07184430179062043,27.21993641436048,1.9860054968924041,5.011117575604601
0.03590598965399689,1.3362351420590783,0.6917742246195338,0.07489327731732807,29.03932064267825,2.2055297487110885,5.526675642704335
0.03186232910732782,1.410540005515412,0.6917742246195338,0.07809868968191805,31.070484181707563,2.457313048377658,6.105897002039592
0.027810545298459444,1.4898309100419667,0.6917742246195338,0.0814614323465608,33.34102828286897,2.7465710223558304,6.753672284771301
0.023751444983667082,1.5734403162884778,0.6917742246195338,0.08497885567150007,35.880501122123455,3.0791510220024882,7.473280472140123
0.01968612356503986,1.6603438131061006,0.6917742246195338,0.08864383038698946,38.71947561230188,3.4614367382233926,8.265236744972087
0.015615973715598122,1.748782526259173,0.6917742246195338,0.09244392791028538,41.8882140864117,3.9001827796802746,9.126206643808088
0.011542664631133296,1.8365540539567284,0.6917742246195338,0.0963609102750514,45.414896884162644,4.402214168714316,10.04781125340177
0.007468086736226933,1.9207201744856706,0.6917742246195338,0.1003708089903849,49.32332277135617,4.974000079631287,11.015702502085585
0.003394254289215561,1.9981319042719692,0.6917742246195338,0.1044447219292498,53.630703397528166,5.621134853066042,12.009494783958102
0.39,1.0,0.6917742246195338,1.0414953097544427e-13,6.155204691555835,1.0795593857729126e-05,5563819.449093143
0.3706754613650521,0.20716430831749003,0.6917742246195338,0.0003258971777142862,4.170090794174149,0.0015284741223573607,0.22261747828631231
0.3513497091994209,0.2061482433935801,0.6917742246195338,0.0006852648124831012,4.37194195963996,0.003351614386979846,0.2413715667054518
0.332022501944512,0.2208034869193481,0.6917742246195338,0.0010834149380810844,4.59684570646941,0.0055416037105709,0.2627845066938087
0.3126935421290131,0.23760024682028455,0.6917742246195338,0.0015268335970210392,4.848986941327063,0.008193181522298339,0.28749862397652975
0.2933624604039389,0.256691857624181,0.6917742246195338,0.002023521889386249,5.133623246740148,0.011432460500576912,0.31630355546066286
0.2740287939519083,0.27846575762265624,0.6917742246195338,0.002583462469167348,5.457449714817896,0.015429990120196387,0.35027468208526236
0.25469195685785473,0.3034415223166317,0.6917742246195338,0.0032192683966949663,5.829122330360332,0.020420528731555494,0.3908821122974309
0.23535119879128533,0.3323562300141809,0.6917742246195338,0.003947102439471365,6.260025660864906,0.02673374646926055,0.4402121668807372
0.21600554636926492,0.3662326184045978,0.6917742246195338,0.004788006432944436,6.7654275363892795,0.03484326036495561,0.5013204260520202
0.19665371833449913,0.40652368187683685,0.6917742246195338,0.005769867576749965,7.366265683472239,0.04544738015949964,0.5788021806216759
0.1772940003020652,0.455355500273218,0.6917742246195338,0.006930400379428119,8.092002458325931,0.05960722571270407,0.6797916410563493
0.15792405574593854,0.5159819287270743,0.6917742246195338,0.00832179437632916,8.985356641927437,0.07899269237979877,0.8156936819169903
0.13854063454145088,0.5936168849418757,0.6917742246195338,0.01001817374590486,10.110479484476523,0.10634214108822322,1.0052748761060635
0.11913911482875678,0.6970752347989294,0.6917742246195338,0.012127939565388235,11.56778649303784,0.14637004951119426,1.2803962235816204
0.09971277728501855,0.8423219504361598,0.6917742246195338,0.014814726197065989,13.522258785574431,0.20767582085345165,1.6973613176389422
0.08025167982958656,1.0602054000929755,0.6917742246195338,0.0183334312276494,16.260661199119657,0.3070490978488991,2.3608364505030646
0.06074112318814365,1.4138127533283815,0.6917742246195338,0.02308968231893424,20.312607695686363,0.4798898740008775,3.475123555630872
0.041160698304957694,2.027786613319936,0.6917742246195338,0.0297161054539551,26.707049635828398,0.8066201977685593,5.43914355905579
0.021489422235250334,3.0626905576589714,0.6917742246195338,0.039043025478918914,37.42170087474707,1.4754363229560477,8.890200338197351
0.0017309568170414526,4.347443988586456,0.6917742246195338,0.05147810143037006,55.50708303868349,2.8699877420027424,14.016392905084661
0.11913911482875678,0.6970752347989294,0.6917742246195338,0.012127939565388235,11.56778649303784,0.14637004951119426,1.2803962235816204
0.1152560957567991,0.7220831045461347,0.6917742246195338,0.012612589140251061,11.911994861465656,0.15654988196637254,1.3500059176302448
0.11137202753169664,0.7488950018970667,0.6917742246195338,0.013121693691800947,12.277471561315782,0.167652577596082,1.4257618317607017
0.10748683810830234,0.7777052531543456,0.6917742246195338,0.013657064646517794,12.666171715047788,0.17978760291297724,1.5083598018002595
0.10360044952047039,0.8087613716643353,0.6917742246195338,0.014220684361540342,13.080281435636303,0.19308052407958015,1.5985923621454416
0.09971277728501855,0.8423219504361598,0.6917742246195338,0.014814726197065989,13.522258785574431,0.20767582085345165,1.6973613176389422
0.09582372988935778,0.8786910432483633,0.6917742246195338,0.01544157442686982,13.994870373121035,0.22374013131587914,1.8056953336466872
0.09193320821268902,0.9182244806783243,0.6917742246195338,0.01610384701003894,14.501238527332012,0.24146640953882068,1.9247638437966208
0.08804110492638804,0.9613276811354944,0.6917742246195338,0.016804420626804244,15.044896925543023,0.2610786182078912,2.055911633429997
0.0841473039456053,1.0084694088270802,0.6917742246195338,0.01754645675898386,15.629851988561207,0.2828378895587647,2.2006797159164777
0.08025167982958656,1.0602054000929755,0.6917742246195338,0.0183334312276494,16.260661199119657,0.3070490978488991,2.3608364505030646
0.07635409735509044,1.11717568160376,0.6917742246195338,0.019169162751073433,16.94251641018611,0.3340699786206811,2.538415685401137
0.07245441117064148,1.180110556123335,0.6917742246195338,0.020057842958324645,17.681344202438446,0.3643212393734418,2.735753388383153
0.06855246555214997,1.2498480242008654,0.6917742246195338,0.021004067034159784,18.48393053130938,0.3982988379538055,2.9555274202536985
0.06464809468053201,1.3273711889584263,0.6917742246195338,0.022012857106442157,19.358046472695914,0.4365898303235316,3.200817901157402
0.06074112318814365,1.4138127533283815,0.6917742246195338,0.02308968231893424,20.312607695686363,0.4798898740008775,3.475123555630872
0.05683136743564077,1.5103998914174417,0.6917742246195338,0.024240466441598548,21.357845125919162,0.5290251421857802,3.782447349925758
0.052918637733263524,1.6185645818662007,0.6917742246195338,0.025471576378531455,22.505489382495604,0.584980768718006,4.127271783705859
0.04900274157813653,1.7397978247206831,0.6917742246195338,0.026789785602349236,23.768986934675798,0.6489252905192111,4.514614911310139
0.04508348877896538,1.875686323231507,0.6917742246195338,0.02820219594010688,25.163686857080528,0.7222536313994675,4.949948137234443
0.041160698304957694,2.027786613319936,0.6917742246195338,0.0297161054539551,26.707049635828398,0.8066201977685593,5.43914355905579
0.03723420792089534,2.1975405624502016,0.6917742246195338,0.03133880069486585,28.418778917674263,0.9039844281106258,5.9883366882706675
0.03330388642896677,2.3859947443698797,0.6917742246195338,0.03307726208785975,30.32088292705034,1.0166513383583264,6.603407642394834
0.029369648423264415,2.593555961545606,0.6917742246195338,0.034937755626650586,32.43767144487345,1.147311828064711,7.289736969421636
0.025431472972721414,2.819715119398003,0.6917742246195338,0.036925298063753144,34.79538023413697,1.2990676614621612,8.051406402362602
0.021489422235250334,3.0626905576589714,0.6917742246195338,0.039043025478918914,37.42170087474707,1.4754363229560477,8.890200338197351
0.017543660387415148,3.3189277717227768,0.6917742246195338,0.04129148130071361,40.34486352605261,1.6803192087071228,9.804672433480567
0.013594468937967515,3.5831832927596485,0.6917742246195338,0.04366791030543943,43.59230929919883,1.917919096928304,10.788896589187734
0.009642253604830746,3.8484012871570688,0.6917742246195338,0.046165686190896366,47.18909981555114,2.19259306964424,11.831477114165045
0.005687540546907101,4.106195974841843,0.6917742246195338,0.048774022392830636,51.15588244989145,2.5086340719153117,12.915051348014211
0.0017309568170414526,4.347443988586456,0.6917742246195338,0.05147810143037006,55.50708303868349,2.8699877420027424,14.016392905084661
0.39,1.0,0.6917742246195338,1.0414953097544427e-13,6.155204691555835,1.0795593857729126e-05,5563819.449093143
0.37231231742046544,0.17983534823962993,0.6917742246195338,0.003366209521584267,4.153940094365716,0.015733586563534352,0.2204233057189609
0.35454021210882974,0.18977208931266412,0.6917742246195338,0.006937426025280982,4.337129551809644,0.03369034457016332,0.23622273987352063
0.3366772639338337,0.20061320761388837,0.6917742246195338,0.010735879442407613,4.5403655380705255,0.054309471947056785,0.25406304958110965
0.31871627109210693,0.21248560631539223,0.6917742246195338,0.014787469015404536,4.767210781015993,0.07814660839965289,0.2743629644482343
0.30064911271708766,0.2255020449862553,0.6917742246195338,0.019122604778379508,5.022132028500324,0.10591372372216977,0.29762707829446616
0.28246657928727575,0.23984545988139794,0.6917742246195338,0.023777301875542382,5.31080654148707,0.13853621465299265,0.3245669325548499
0.26415816143971543,0.2557164311205912,0.6917742246195338,0.028794623235396992,5.640562029301682,0.1772363244485735,0.3561214316245509
0.2457117846526311,0.2733575948087909,0.6917742246195338,0.03422660997102697,6.021022721085088,0.2236579215937081,0.39358791060815196
0.22711347310815178,0.29307966428279336,0.6917742246195338,0.04013690645512355,6.465082980207827,0.2800582150542074,0.4388223414259879
0.20834692083624848,0.3152708981199739,0.6917742246195338,0.04660439269511496,6.990418202341716,0.34961125278200117,0.49455547036888003
0.18939294257837566,0.340442007687732,0.6917742246195338,0.05372830373562558,7.621909487364788,0.4369053202650113,0.5649704451920894
0.17022877349638502,0.36927589893182955,0.6917742246195338,0.06163558023189432,8.39568783885218,0.5487914572335966,0.6567318944166686
0.15082719553904986,0.402704945635521,0.6917742246195338,0.07049160315610063,9.366187916536914,0.6958987433858211,0.7809298346994388
0.1311555210982799,0.4420376526390047,0.6917742246195338,0.08051603550517712,10.619103574039839,0.8954895960642143,0.9568867774317762
0.11117466529123307,0.48913337006053037,0.6917742246195338,0.09200599725886371,12.296642992082328,1.1771846715768821,1.2199593279102243
0.0908392384510931,0.5466355128152798,0.6917742246195338,0.10536768386898135,14.650138519276894,1.595267448684152,1.6384410415392716
0.07010200168627785,0.6180417579817209,0.6917742246195338,0.12114692358550005,18.1571610381141,2.2571052398269336,2.3523170824312145
0.04893413174821089,0.7065454343067873,0.6917742246195338,0.1399926948522185,23.792237144538348,3.392088743931798,3.6606308586136307
0.027394348287231994,0.808076143251465,0.6917742246195338,0.16225571319024443,33.58871936486783,5.506984160157125,6.143072026860501
0.005774850830020418,0.892037403309918,0.6917742246195338,0.18654514436213143,51.06429327924546,9.555247331983015,10.269565190004444
0.1311555210982799,0.4420376526390047,0.6917742246195338,0.08051603550517712,10.619103574039839,0.8954895960642143,0.9568867774317762
0.1271854539280376,0.4507636726786725,0.6917742246195338,0.08268558336193688,10.914646662076843,0.9439912316858241,1.0009744662830276
0.12320269571620124,0.4598165019987333,0.6917742246195338,0.08491623687734086,11.22836453118793,0.9960247019672849,1.0488458506705514
0.11920689046321295,0.4692149682727197,0.6917742246195338,0.08721101267067058,11.561955931806514,1.051952029051892,1.1009441477685133
0.115197672086879,0.4789801345027972,0.6917742246195338,0.08957312483563325,11.917330870915178,1.112183424679271,1.1577874024067254
0.11117466529123307,0.48913337006053037,0.6917742246195338,0.09200599725886371,12.296642992082328,1.1771846715768821,1.2199593279102243
0.107137486846206,0.49970082119817394,0.6917742246195338,0.09451327560619671,12.702327779259287,1.2474866146307133,1.2881390582806573
0.10308574744326703,0.5107060554365116,0.6917742246195338,0.0970988383008371,13.13714754887437,1.3236960826890032,1.3631022684998624
0.09901905416825628,0.5221787010426157,0.6917742246195338,0.09976680601760991,13.604245138134106,1.4065085784438534,1.445755138708886
0.09493701401124867,0.5341447090539776,0.6917742246195338,0.10252154794989143,14.107206978336723,1.4967244135903248,1.5371301875224155
0.0908392384510931,0.5466355128152798,0.6917742246195338,0.10536768386898135,14.650138519276894,1.595267448684152,1.6384410415392716
0.08672534944335189,0.5596814408623488,0.6917742246195338,0.10831007967192204,15.237754446477187,1.7032070695260813,1.7510920675231907
0.08259498821325445,0.5733147424209107,0.6917742246195338,0.11135383145712772,15.875481182740202,1.8217860552065752,1.8767247264080509
0.07844782432813945,0.5875663849419007,0.6917742246195338,0.11450423991402066,16.5695908591223,1.9524521232438974,2.0172513005286863
0.07428357102734225,0.6024644890891622,0.6917742246195338,0.11776675913200842,17.327341853274923,2.0968974189552805,2.174907091704158
0.07010200168627785,0.6180417579817209,0.6917742246195338,0.12114692358550005,18.1571610381141,2.2571052398269336,2.3523170824312145
0.06590297305090319,0.6343189811045341,0.6917742246195338,0.12465023447949844,19.068845487739615,2.4354028270817842,2.5525059980331872
0.06168645362363012,0.6513124306643372,0.6917742246195338,0.12828199773972276,20.073800756255828,2.6345310921837393,2.779036300522431
0.05745255993056007,0.6690263705233338,0.6917742246195338,0.13204709453813526,21.18530658931479,2.857713255472954,3.0359949306276968
0.05320160088713228,0.6874491559131953,0.6917742246195338,0.13594966715666476,22.418810897387452,3.108746476714421,3.3280935679386237
0.04893413174821089,0.7065454343067873,0.6917742246195338,0.1399926948522185,23.792237144538348,3.392088743931798,3.6606308586136307
0.04465101790371101,0.7262418678006658,0.6917742246195338,0.14417744144002695,25.326277487683903,3.712961116241495,4.039492764753586
0.04035350662573798,0.7464409497782074,0.6917742246195338,0.14850275389738027,27.04463546514294,4.077431037344637,4.4709758788504566
0.03604330307729252,0.7669765426124046,0.6917742246195338,0.15296421307699692,28.974148218863593,4.492488585932694,4.961543430613435
0.031722643226653774,0.7876218117502456,0.6917742246195338,0.15755316655029403,31.144684101580236,4.966066746488682,5.517252307288727
0.027394348287231994,0.808076143251465,0.6917742246195338,0.16225571319024443,33.58871936486783,5.506984160157125,6.143072026860501
0.023061844934908378,0.8279593733641424,0.6917742246195338,0.16705180966571145,36.34040775133855,6.12477046865997,6.841758910578675
0.018729125121925608,0.8468162203005551,0.6917742246195338,0.171914721178916,39.43406069042734,6.829320836121856,7.612561598346311
0.014400622631406358,0.8641341981566285,0.6917742246195338,0.17681109936208037,42.902035387636126,7.630354752002131,8.449782527200725
0.010081000080365618,0.879378741097972,0.6917742246195338,0.1817020293597765,46.77203763694234,8.536669763064078,9.341605335061994
0.005774850830020418,0.892037403309918,0.6917742246195338,0.18654514436213143,51.06429327924546,9.555247331983015,10.269565190004444
0.39,1.0,0.6917742246195338,1.0414953097544427e-13,6.155204691555835,1.0795593857729126e-05,5563819.449093143
0.3706753355011663,0.20521588000302,0.6917742246195338,0.000325663401098465,4.170092041663294,0.0015273781044629507,0.22260545758306516
0.3513492002965108,0.1991587161001912,0.6917742246195338,0.0006842675987194563,4.371947561819169,0.0033467405268621368,0.24135773137470273
0.33202134565698543,0.21296542727519796,0.6917742246195338,0.0010810173409936878,4.596859929434568,0.00552935533950398,0.26274510788452904
0.31269146877837195,0.2286779126103583,0.6917742246195338,0.0015222690562936014,4.849015623987745,0.00816873127618626,0.28744170728505164
0.2933591976305242,0.2466590235974685,0.6917742246195338,0.002015866560060941,5.133674379658907,0.011389313124918941,0.31622688448982716
0.2740240704736322,0.2671290111224694,0.6917742246195338,0.0025716007498107537,5.457534269298471,0.01535936159829716,0.3501737117002825
0.25468550774150783,0.29057809152241615,0.6917742246195338,0.0032018497645641473,5.829255431324114,0.020310464464268436,0.39075857164728023
0.23534277280285026,0.3176762113501404,0.6917742246195338,0.00392248717202854,6.260228315131096,0.02656782480498434,0.4400690996892839
0.2159949162010168,0.34935507175684327,0.6917742246195338,0.004754197159676357,6.765729195595356,0.03459865374989902,0.5011623048904311
0.1966406948403336,0.38693238993981804,0.6917742246195338,0.005724422960342524,7.366708098106276,0.04509194984660406,0.57864480138081
0.17727845235104023,0.4323505776034565,0.6917742246195338,0.00687032687417924,8.092645639833364,0.05909494234909553,0.6796707305733052
0.15790593797827654,0.4885714598608554,0.6917742246195338,0.008243412710553365,8.98628816531144,0.07825631428922675,0.8156802285896335
0.13852002617614598,0.5603395943446994,0.6917742246195338,0.009916961419991557,10.111831748030337,0.10528108595169934,1.0055159087410246
0.11911627384883108,0.6557118743180396,0.6917742246195338,0.011998359073352666,11.569750102776382,0.1448296412905293,1.2811897362021887
0.09968821395244926,0.7893703458518754,0.6917742246195338,0.014650102798068323,13.525145079132136,0.20541018874432299,1.699293451459687
0.08022625169727979,0.9900465276866222,0.6917742246195338,0.01812601352473512,16.264939149132847,0.3036525940880103,2.365029769467915
0.0607161348087186,1.3180921469763154,0.6917742246195338,0.022831332895457274,20.318991406800496,0.4746663192857391,3.483858554596946
0.041137927766566953,1.898929655411465,0.6917742246195338,0.029400652595186264,26.7164703615834,0.7983379638652262,5.4568513616795995
0.02147082532476001,2.9114329387461892,0.6917742246195338,0.038672105131540485,37.434776621539704,1.4619481764819255,8.924215527697761
0.001717684372386426,4.215766863865162,0.6917742246195338,0.05106946971461261,55.522319612220286,2.8480941606361716,14.073151221669852
0.11911627384883108,0.6557118743180396,0.6917742246195338,0.011998359073352666,11.569750102776382,0.1448296412905293,1.2811897362021887
0.11523285982958588,0.6787340646708849,0.6917742246195338,0.012476572202539313,11.914116298663936,0.15488793475118942,1.35096641372713
0.11134841922389085,0.7034039997105189,0.6917742246195338,0.012978963170860542,12.279762083528393,0.1658584903200699,1.4269177494159697
0.10746288257633332,0.7299173500049506,0.6917742246195338,0.013507334336821232,12.668644434548256,0.17784969822581728,1.50973414861802
0.10357617466559729,0.7584877118985556,0.6917742246195338,0.014063659374969742,13.082952466540458,0.1909858463470759,1.6002202706914632
0.09968821395244926,0.7893703458518754,0.6917742246195338,0.014650102798068323,13.525145079132136,0.20541018874432299,1.699293451459687
0.09579891203418292,0.8228218341668325,0.6917742246195338,0.015269040787694583,13.997990626316719,0.2212876347666955,1.80795558468821
0.09190817307396798,0.8592026172885451,0.6917742246195338,0.015923084140737422,14.50461321183727,0.23880945961551944,1.9274102434550555
0.08801589321231927,0.8988978250310079,0.6917742246195338,0.016615103244952092,15.048547525999082,0.25819754005172263,2.059012760038995
0.08412195996568399,0.9423290346542079,0.6917742246195338,0.017348255463594704,15.633803746188118,0.27971125661586294,2.2042835278346007
0.08022625169727979,0.9900465276866222,0.6917742246195338,0.01812601352473512,16.264939149132847,0.3036525940880103,2.365029769467915
0.076328637075958,1.0426345196191404,0.6917742246195338,0.018952196458800984,16.94714876889385,0.33037644306346,2.543283499751594
0.07242897473092963,1.1008437372225695,0.6917742246195338,0.019830999567346824,17.68636333321326,0.3603003120774449,2.7413968106286455
0.06852711303005647,1.1654862115700082,0.6917742246195338,0.020767024714217323,18.48936848735461,0.3939166586441501,2.9620645806350234
0.06462289019216723,1.2375228687717101,0.6917742246195338,0.021765306558011965,19.36393866047663,0.4318082934227002,3.208374066404061
0.0607161348087186,1.3180921469763154,0.6917742246195338,0.022831332895457274,20.318991406800496,0.4746663192857391,3.483858554596946
0.05680666703942143,1.4084497991168095,0.6917742246195338,0.023971052772724044,21.36475648214726,0.5233120815686895,3.7925239640251607
0.05289430053767534,1.5100737064720406,0.6917742246195338,0.02519086898293493,22.512973862019418,0.5787226648657308,4.138898856019017
0.048978845934726414,1.624534253766609,0.6917742246195338,0.02649759857667819,23.77706610463186,0.6420633430408381,4.527995523068199
0.04506011478348999,1.753587179911044,0.6917742246195338,0.027898404676806796,25.172431401473272,0.7147203519528347,4.965356506711123
0.041137927766566953,1.898929655411465,0.6917742246195338,0.029400652595186264,26.7164703615834,0.7983379638652262,5.4568513616795995
0.0372121221771626,2.0622812183998827,0.6917742246195338,0.031011721403422256,28.428920410893316,0.8948688548504534,6.008627483067711
0.03328256522408813,2.2449494419963973,0.6917742246195338,0.03273869343542522,30.33177239489191,1.0066083511502986,6.626630379666598
0.02934916804184165,2.447673713003154,0.6917742246195338,0.034587954688383056,32.44929822182641,1.1362370722976252,7.316227059113405
0.02541190349250419,2.6703772159253436,0.6917742246195338,0.036564662573569426,34.807746035578674,1.2868489429969696,8.081488448093845
0.02147082532476001,2.9114329387461892,0.6917742246195338,0.038672105131540485,37.434776621539704,1.4619481764819255,8.924215527697761
0.017526086753889218,3.167670678037939,0.6917742246195338,0.040910985711564894,40.35857659624734,1.6654270504861926,9.842901297407396
0.013577955444922083,3.4339532344623906,0.6917742246195338,0.04327871282540996,43.60660170188432,1.9014866426299275,10.831599975353708
0.009626821811928817,3.703318331437767,0.6917742246195338,0.04576881459479274,47.203831194037015,2.1744778942865417,11.878822031587287
0.005673194558324337,3.9670247304972306,0.6917742246195338,0.048370635724011984,51.17099803587072,2.4887007242629635,12.96718170578084
0.001717684372386426,4.215766863865162,0.6917742246195338,0.05106946971461261,55.522319612220286,2.8480941606361716,14.073151221669852
0.39,1.0,0.6917742246195338,1.0414953097544427e-13,6.155204691555835,1.0795593857729126e-05,5563819.449093143
0.37051671236307493,0.21259063079481222,0.6917742246195338,3.104103541970112e-05,4.171664614709346,0.00014563197241760216,0.22454138636159135
0.3510334064439785,0.1933495641969174,0.6917742246195338,6.546058029325307e-05,4.375427058017185,0.0003203926185018881,0.24323228437223154
0.3315500785682887,0.24785412627546144,0.6917742246195338,0.00010383784802742655,4.602664897214357,0.0005317262800695195,0.2640299174648983
0.3120667241426025,0.23966652304131766,0.6917742246195338,0.00014689157695615867,4.857675268245323,0.0007895103071673102,0.2895928110133949
0.2925833373598647,0.25644457465221393,0.6917742246195338,0.00019552442364139815,5.145865297063604,0.0011070567278852362,0.3195462604121974
0.27309991078545964,0.2787495644898476,0.6917742246195338,0.00025088531187138154,5.474132332959977,0.00150261108790574,0.3550957321708683
0.2536164347643971,0.3043939866166766,0.6917742246195338,0.0003144587349150621,5.85141045532889,0.002001670926900284,0.3978621338219384
0.23413289655361974,0.3349588248362621,0.6917742246195338,0.0003881954931137771,6.289473754513318,0.002640653064320235,0.45026742888043847
0.214649279020674,0.37166124189202504,0.6917742246195338,0.0004747088434760292,6.804147129572156,0.0034728855436242496,0.5158536255708601
0.19516555863781596,0.4164136995162224,0.6917742246195338,0.0005775770176074703,7.417183787852136,0.004578735544475913,0.5999994208610958
0.17568170229288854,0.4720205076051467,0.6917742246195338,0.0007018245574309181,8.159272312512957,0.006083391689531183,0.7112115876643579
0.1561976620389081,0.5436892361786183,0.6917742246195338,0.0008547155366644607,9.075030310057246,0.008189699637820303,0.8631863460276982
0.13671336610279275,0.6397535843786643,0.6917742246195338,0.0010471136890071637,10.231652248992829,0.011241742265383268,1.0787659323425505
0.11722870280040532,0.7763809676770305,0.6917742246195338,0.0012959195881517768,11.73460166759437,0.01585624947981652,1.3971777165501977
0.0977434903884828,0.9848062611252218,0.6917742246195338,0.0016286485440536703,13.757579909531485,0.02321399070330792,1.888906254808932
0.07825741798848075,1.3336959168468032,0.6917742246195338,0.0020924276363849348,16.602855637745026,0.03576090827897772,2.6878427560610634
0.058769926871119135,1.986231564624973,0.6917742246195338,0.0027721542034821476,20.827652981433022,0.0590480794292793,4.06145270912451
0.03927998377319998,3.2794666920022584,0.6917742246195338,0.0038254260339976487,27.50482891618359,0.10691567917281504,6.541266440826636
0.019785786025481707,5.657261781964838,0.6917742246195338,0.00552888850751739,38.646090875782924,0.21587118987401696,10.97885800764736
0.0002850930988968702,8.885511075553287,0.6917742246195338,0.00823050849917607,57.19399848966233,0.4737347026761196,17.631478138146388
0.11722870280040532,0.7763809676770305,0.6917742246195338,0.0012959195881517768,11.73460166759437,0.01585624947981652,1.3971777165501977
0.11333171181645232,0.8108420602574687,0.6917742246195338,0.0013546050159459224,12.090310506619868,0.017055016013633278,1.4785821360231464
0.10943469734392977,0.8483926284850604,0.6917742246195338,0.0014168780875769122,12.468274977792662,0.018373339547178263,1.5675156532462706
0.10553765724921708,0.8895217134743564,0.6917742246195338,0.001483062037038556,12.870557733428047,0.01982670900516503,1.6648427379431503
0.10164058915211883,0.9346885806911885,0.6917742246195338,0.0015535175667456824,13.299461955013923,0.02143324991212792,1.7715899121901346
0.0977434903884828,0.9848062611252218,0.6917742246195338,0.0016286485440536703,13.757579909531485,0.02321399070330792,1.888906254808932
0.0938463579739229,1.0391897853102359,0.6917742246195338,0.0017089075716280877,14.24782085744481,0.02519355199868695,2.0181220598744907
0.0899491885475446,1.1008633470045635,0.6917742246195338,0.0017948044782464167,14.773500372782173,0.02740075146581148,2.1607324750230203
0.0860519783396675,1.169376700081839,0.6917742246195338,0.0018869115045003254,15.338317689399037,0.029869673109042653,2.3185054026996856
0.08215472308955751,1.2468942383500723,0.6917742246195338,0.001985875666119684,15.946504834133078,0.03264045355453843,2.493428965399634
0.07825741798848075,1.3336959168468032,0.6917742246195338,0.0020924276363849348,16.602855637745026,0.03576090827897772,2.6878427560610634
0.07436005759576429,1.4325233676249778,0.6917742246195338,0.0022073946204486175,17.31283130376004,0.03928792488419779,2.904412002804727
0.07046263574870518,1.5443866229322645,0.6917742246195338,0.0023317142155784604,18.082663837522333,0.04328963511519968,3.1462374501805455
0.06656514546759434,1.6723365394065668,0.6917742246195338,0.0024664491936809323,18.91945488894061,0.04784768294331069,3.416843634056924
0.06266757883178209,1.8183805898104504,0.6917742246195338,0.0026128064623692827,19.83135080151731,0.05306077064177706,3.720356946758716
0.058769926871119135,1.986231564624973,0.6917742246195338,0.0027721542034821476,20.827652981433022,0.0590480794292793,4.06145270912451
0.0548721794302926,2.1788414407272065,0.6917742246195338,0.00294604280194618,21.919014336634792,0.06595417285035939,4.445452575669023
0.05097432504994852,2.4004786939455967,0.6917742246195338,0.003136223808473518,23.11759131748316,0.07395518745213688,4.878434146694145
0.04707635084404501,2.6548202330701622,0.6917742246195338,0.0033446691774784002,24.437248192308193,0.08326521976332989,5.367059603374792
0.04317824240674855,2.9465198306642377,0.6917742246195338,0.003573586524800241,25.89373431487858,0.09414579705216355,5.918714920441086
0.03927998377319998,3.2794666920022584,0.6917742246195338,0.0038254260339976487,27.50482891618359,0.10691567917281504,6.541266440826636
0.035381557441168346,3.657539173121928,0.6917742246195338,0.004102878699562565,29.290464422407787,0.12196302379002104,7.242839987872295
0.03148294457876406,4.083841420378906,0.6917742246195338,0.004408846216877209,31.27260733910122,0.13975837084447418,8.031335401282316
0.027584125241641638,4.5598277780162135,0.6917742246195338,0.004746407432685847,33.47539557987,0.16086923997420638,8.91382332378976
0.02368507907130857,5.085272051412557,0.6917742246195338,0.005118716453193443,35.92436833390642,0.1859734308062945,9.895548272226753
0.019785786025481707,5.657261781964838,0.6917742246195338,0.00552888850751739,38.646090875782924,0.21587118987401696,10.97885800764736
0.01588622747210414,6.269734295990797,0.6917742246195338,0.005979835353569131,41.66713976307693,0.25149081632439707,12.16172194954513
0.011986387583810579,6.913172204400218,0.6917742246195338,0.006474052021675745,45.01266894029037,0.2938867861942799,13.436447759681444
0.00808625474373125,7.574517273237718,0.6917742246195338,0.007013400085826635,48.70497985506423,0.3442245809570649,14.788583561996944
0.004185822981519145,8.237872375579082,0.6917742246195338,0.007598888641673419,52.76170809637239,0.4037490098735167,16.19642784176635
0.0002850930988968702,8.885511075553287,0.6917742246195338,0.00823050849917607,57.19399848966233,0.4737347026761196,17.631478138146388
0.39,1.0,0.6917742246195338,1.0414953097544427e-13,6.155204691555835,1.0795593857729126e-05,5563819.449093143
0.3705015884084461,1.0,0.6917742246195338,2.950261095508408e-06,4.171814601085503,1.3841885529230874e-05,0.2212525499548976
0.35100317661655517,1.0,0.6917742246195338,6.22463983563299e-06,4.375760473348299,3.046821427894151e-05,0.24349790334110327
0.33150476458097716,0.9678398754128751,0.6917742246195338,9.879345784931148e-06,4.603223922080123,5.059473577287943e-05,0.2638005012774087
0.3120063522470776,1.0,0.6917742246195338,1.3984301988773335e-05,4.858513891532691,7.517417140461192e-05,0.29172320771582994
0.292507939545221,1.0,0.6917742246195338,1.862756891232986e-05,5.147053368761397,0.00010549089934972481,0.3211908307204354
0.27300952638551457,0.5831949561825145,0.6917742246195338,2.3921585005652834e-05,5.475761524700326,0.00014330810635706514,0.35675043269841644
0.2535111126502238,0.6842555330331321,0.6917742246195338,3.0012149358736262e-05,5.853602917021217,0.0001911057339027407,0.3995983290991251
0.23401269818257717,0.2987250202670556,0.6917742246195338,3.7091646957592236e-05,6.292395183547859,0.00025241862980280384,0.4524242726315754
0.2145142827698145,0.40789973192526674,0.6917742246195338,4.54190212532372e-05,6.8080268331053695,0.0003324626892695479,0.5186408800359562
0.19501586611676602,0.5117097038619791,0.6917742246195338,5.5350814785686834e-05,7.422346706194373,0.0004390673440738856,0.6036760740512717
0.1755174478032967,0.49812472339381886,0.6917742246195338,6.73910082447438e-05,8.166191277246856,0.0005846324581759087,0.7166832529127347
0.15601902721313823,0.5790953747057399,0.6917742246195338,8.227406247269547e-05,9.084414744166045,0.0007890834851276019,0.871139600453399
0.13652060340963904,0.6689690029073345,0.6917742246195338,0.00010110926427932367,10.244608200122288,0.0010867837750531582,1.0912313717634698
0.11702217490799018,0.8399368636733799,0.6917742246195338,0.00012564388244858829,11.75292559020503,0.0015396057862976942,1.417561232328887
0.0975237392342459,1.0358463181856137,0.6917742246195338,0.00015876896422103377,13.78434024019222,0.002267282504786614,1.9231995768240333
0.07802529202120544,1.4059055795310962,0.6917742246195338,0.00020554585666870406,16.643574062402855,0.0035213393247707277,2.7497778325623745
0.05852682506032028,2.175563450499273,0.6917742246195338,0.00027538379489509216,20.89292195152254,0.005883910124891069,4.183115446564219
0.03902832209111574,3.69308799782823,0.6917742246195338,0.0003866175414527817,27.614532406065372,0.010848676178360704,6.801350955000152
0.019529751115288055,6.526529241387338,0.6917742246195338,0.0005743116014847683,38.83483963876837,0.022537249582669498,11.569233595086413
3.1060257903076835e-05,10.598637146819328,0.6917742246195338,0.0008920258348592485,57.49571411275525,0.05165092556883298,18.924645395772735
0.11702217490799018,0.8399368636733799,0.6917742246195338,0.00012564388244858829,11.75292559020503,0.0015396057862976942,1.417561232328887
0.11312248845154808,0.8751455016437765,0.6917742246195338,0.00013145992156650917,12.10996264562779,0.001657664345027809,1.5010272017711201
0.10922280168716673,0.9082979696495077,0.6917742246195338,0.0001376441990634253,12.489504975607812,0.0017877489427955838,1.592416428116963
0.10532311458576896,0.9571508974114885,0.6917742246195338,0.00014423050780493075,12.893454929105816,0.0019314794317921167,1.6927474337932924
0.10142342711387829,1.0002651489358205,0.6917742246195338,0.0001512577100058763,13.32421694113966,0.0020904529048728377,1.8023477369881413
0.0975237392342459,1.0358463181856137,0.6917742246195338,0.00015876896422103377,13.78434024019222,0.002267282504786614,1.9231995768240333
0.09362405090436442,1.0893274633001178,0.6917742246195338,0.00016681343106374877,14.276829128482468,0.0024640947872933204,2.0565094967583057
0.08972436207639364,1.1369538094895209,0.6917742246195338,0.000175446324541781,14.804982797949734,0.002684029448344703,2.2037059661724263
0.08582467269593927,1.2374683414193808,0.6917742246195338,0.00018473029454638013,15.372556258916507,0.002930614968474322,2.366921401322144
0.08192498270108126,1.3205426127977031,0.6917742246195338,0.00019473649055469115,15.983810013853173,0.003208044799563901,2.54814360738855
0.07802529202120544,1.4059055795310962,0.6917742246195338,0.00020554585666870406,16.643574062402855,0.0035213393247707277,2.7497778325623745
0.0741256005753916,1.5447740199256426,0.6917742246195338,0.00021725091046243103,17.357383934398584,0.003876440488662641,2.9748122874879193
0.07022590827111327,1.66239807086783,0.6917742246195338,0.00022995712841662657,18.13149872868182,0.004280584296086917,3.226523065258024
0.06632621500193982,1.8005621291644938,0.6917742246195338,0.00024378545484675656,18.97310802752557,0.004742464861956155,3.508729138200317
0.06242652064548856,1.9873089416823466,0.6917742246195338,0.0002588744928676523,19.89041793332355,0.00527262396394633,3.825887189636559
0.05852682506032028,2.175563450499273,0.6917742246195338,0.00027538379489509216,20.89292195152254,0.005883910124891069,4.183115446564219
0.05462712808535085,2.4097855794322873,0.6917742246195338,0.0002934943688594989,21.991076328174913,0.006591954997102661,4.5861454365938235
0.05072742953229641,2.664944599113839,0.6917742246195338,0.0003134166152909428,23.19741950131503,0.007415976626844935,5.041622260647924
0.04682772918607507,2.955192505955176,0.6917742246195338,0.0003353898041368362,24.525870039093846,0.008379619042635476,5.557074834202887
0.04292802679906398,3.3070971346786378,0.6917742246195338,0.0003596876677336568,25.99239051366445,0.009511946244189044,6.140740344246735
0.03902832209111574,3.69308799782823,0.6917742246195338,0.0003866175414527817,27.614532406065372,0.010848676178360704,6.801350955000152
0.035128614739347114,4.1414709737322,0.6917742246195338,0.00041653042723749915,29.41286180852081,0.012433950801315229,7.548358480524402
0.031228904384564795,4.6444216443658615,0.6917742246195338,0.00044981408003607286,31.409155650004394,0.014321937171944925,8.391077958543011
0.027329190625502375,5.2076588379615725,0.6917742246195338,0.0004868958016238151,33.62766777310071,0.016578793421252833,9.337969407361802
0.023429473025212665,5.838081513172773,0.6917742246195338,0.0005282339113295161,36.09403317905268,0.019284931590120957,10.395918808732239
0.019529751115288055,6.526529241387338,0.6917742246195338,0.0005743116014847683,38.83483963876837,0.022537249582669498,11.569233595086413
0.01563002440740139,7.272057581451595,0.6917742246195338,0.0006256218964689539,41.876600387748006,0.026450267901736654,12.857201754232342
0.01173029241396624,8.06594902575596,0.6917742246195338,0.0006826414528456092,45.24411855964622,0.031157772580004267,14.253750732618188
0.007830554662821296,8.896990451171826,0.6917742246195338,0.0007458130812447211,48.959796262701275,0.036812358130079,15.74584003874485
0.003930810731088071,9.747074064260154,0.6917742246195338,0.0008155114423057913,53.039957905591,0.0435828504368655,17.312171600345813
3.1060257903076835e-05,10.598637146819328,0.6917742246195338,0.0008920258348592485,57.49571411275525,0.05165092556883298,18.924645395772735
