shrinking_speed_steady_state,velocity_decay_timescale,equilibrium_density,P0_end_fit,lengthscale_density_end_fit,accumulation_end_fit,accumulation_timescale
0.39,1.0,0.007444168734491316,-2.4527487630716967e-15,22.54074188690017,-7.109793447693e-06,6574257.700319273
0.38925195689592323,0.6705041947500847,0.007444168734491316,0.00037292359625062385,29.11774440661834,0.011041812560466463,1.1586396209799117
0.38843110458997926,0.6984773470369727,0.007444168734491316,0.0007852925324427499,29.17708101720371,0.023298195011796866,1.1950673128581553
0.38752541088991505,0.7302997439795685,0.007444168734491316,0.0012437152535139217,29.24283390836765,0.036980624983279003,1.2358984482374202
0.38652003858110767,0.7665819183017235,0.007444168734491316,0.0017563638448279655,29.31617373723112,0.05235267428831642,1.2819704538841497
0.385396477537279,0.8082526623763667,0.007444168734491316,0.002333465626683161,29.39857489458689,0.06974708499563648,1.3343190232895255
0.38413133340797245,0.856556959113814,0.007444168734491316,0.0029879926560551833,29.49191979114885,0.08959005284920561,1.394283141451552
0.38269460316960713,0.9131313633933928,0.007444168734491316,0.0037366488076563007,29.59865106678613,0.11243649374960694,1.4636005852345384
0.3810471647621199,0.9801655635056951,0.007444168734491316,0.0046013158709502355,29.721996570111855,0.13902255194473687,1.5445834195941737
0.37913702875457733,1.0606545584959948,0.007444168734491316,0.0056112286217052465,29.866312288449222,0.17034606160737134,1.64037129674883
0.37689357633915804,1.1587811310556175,0.007444168734491316,0.006806346955981456,30.03762241138286,0.20779411666344377,1.7553518637677017
0.3742183955400568,1.280533044426025,0.007444168734491316,0.008242773872871772,30.24451090788265,0.2533530039709961,1.895831918875223
0.37097014380448495,1.4347468518477016,0.007444168734491316,0.010001806923784655,30.499584629423445,0.3099707244018081,2.071258309051207
0.36693825248047723,1.634959061123081,0.007444168734491316,0.012205911608344538,30.822287893757007,0.3822163855794511,2.296354305227262
0.36179475682812384,1.9029676980371006,0.007444168734491316,0.01504849654475105,31.24406064657153,0.47757033193521425,2.5955388433751803
0.3549993996566626,2.2761549094042426,0.007444168734491316,0.018853994920570875,31.81939451033163,0.6091695100529705,3.0123116353453026
0.3455954774712389,2.824722134451622,0.007444168734491316,0.024211274103718677,32.65157904626381,0.802361071882296,3.632226438394102
0.33171643006976176,3.698440985016959,0.007444168734491316,0.03231100845004087,33.9626914430321,1.1129886807315221,4.648668967060022
0.3091916304537169,5.2836673827521095,0.007444168734491316,0.04596938923976638,36.33020763166694,1.6916224257545347,6.601757236827724
0.26671596755687005,8.910716237298388,0.007444168734491316,0.07368822130050671,41.82121334122745,3.1111350532750977,11.639863622373499
0.17103688353989766,19.503560476927532,0.007444168734491316,0.14937360799615376,62.84844637789094,9.36722933310306,33.403163127012625
0.36179475682812384,1.9029676980371006,0.007444168734491316,0.01504849654475105,31.24406064657153,0.47757033193521425,2.5955388433751803
0.36059056849003396,1.9675803524396112,0.007444168734491316,0.015718775341849647,31.34448635278303,0.5004184470088788,2.6675771256507517
0.3593158139478944,2.0367105676347386,0.007444168734491316,0.01643026074233426,31.451491249891756,0.5248253719332526,2.7446782732043893
0.35796399508619997,2.110822894713702,0.007444168734491316,0.017186921314303234,31.565799735330476,0.5509559671104333,2.8273983438962724
0.35652792419940277,2.1904363784359893,0.007444168734491316,0.017993148408758368,31.68813411075001,0.5789983798090704,2.91636495743004
0.3549993996566626,2.2761549094042426,0.007444168734491316,0.018853994920570875,31.81939451033163,0.6091695100529705,3.0123116353453026
0.3533691484359828,2.36866658155709,0.007444168734491316,0.019775203728696632,31.960598373640224,0.6417203028932718,3.1160895198278116
0.35162661695047126,2.4687691378653382,0.007444168734491316,0.0207633523919331,32.11292444882707,0.6769422710723685,3.2286905868993236
0.3497597450857001,2.5773910972698606,0.007444168734491316,0.021826008661709525,32.27774462567084,0.7151764543555054,3.351282408871075
0.347754688742215,2.69561655605875,0.007444168734491316,0.0229719238120348,32.456665003507005,0.7568242015878605,3.485246037965862
0.3455954774712389,2.824722134451622,0.007444168734491316,0.024211274103718677,32.65157904626381,0.802361071882296,3.632226438394102
0.3432635972557793,2.966220762883017,0.007444168734491316,0.02555595888846724,32.86473227176251,0.8523543868990178,3.7941967303912993
0.3407374594420386,3.1219157498836214,0.007444168734491316,0.02701998583045924,33.09881132696554,0.9074865408764464,3.9735424284244636
0.3379917429555359,3.293990482787986,0.007444168734491316,0.028619955644217324,33.35705563583583,0.9685865658331263,4.173189898256635
0.3349965694449066,3.4850825233712714,0.007444168734491316,0.030375681184069872,33.64340280190185,1.0366683879233693,4.396733071707177
0.33171643006976176,3.698440985016959,0.007444168734491316,0.03231100845004087,33.9626914430321,1.1129886807315221,4.648668967060022
0.3281088164989255,3.9380812578336215,0.007444168734491316,0.03445488807738186,34.32093051970055,1.1991201939540648,4.934655813639131
0.32412245066367257,4.209042031127436,0.007444168734491316,0.03684279714306924,34.72566898650037,1.2970576706801902,5.261934686739362
0.31969492441133157,4.517724079873498,0.007444168734491316,0.03951868684679363,35.18652580811156,1.4093669394206896,5.639910682826205
0.31474963359428804,4.872357624900341,0.007444168734491316,0.042537606569839,35.71592839394026,1.5394016836974505,6.080977772856416
0.3091916304537169,5.2836673827521095,0.007444168734491316,0.04596938923976638,36.33020763166694,1.6916224257545347,6.601757236827724
0.30290205642815066,5.765877971471951,0.007444168734491316,0.049903842610153674,37.05122597340778,1.8720824458549437,7.225036056189096
0.29573061606823586,6.338122584546512,0.007444168734491316,0.05445819303957498,37.90886910550356,2.0891840982446452,7.9827032804761044
0.2874854842984297,7.026565377020194,0.007444168734491316,0.05978787225873087,38.94494907761502,2.3548876716632545,8.92048999951855
0.27791998393959616,7.867317374071944,0.007444168734491316,0.0661023345273425,40.219501467989105,2.6867122556988083,10.105672527262701
0.26671596755687005,8.910716237298388,0.007444168734491316,0.07368822130050671,41.82121334122745,3.1111350532750977,11.639863622373499
0.25346671022092626,10.225817651577024,0.007444168734491316,0.08294205069059365,43.884904550647036,3.669517661575283,13.679858630559304
0.2376715665278891,11.901760177350933,0.007444168734491316,0.09441078185597339,46.62051672432084,4.428540973698859,16.469618917963682
0.21878547506172374,14.031194415240238,0.007444168734491316,0.10881774248973372,50.356201516305674,5.497894222057161,20.37702511874014
0.19644515117284136,16.63719080429256,0.007444168734491316,0.1269762918620122,55.57534467324045,7.055827243774311,25.88730937653371
0.17103688353989766,19.503560476927532,0.007444168734491316,0.14937360799615376,62.84844637789094,9.36722933310306,33.403163127012625
0.39,1.0,0.007444168734491316,-2.4527487630716967e-15,22.54074188690017,-7.109793447693e-06,6574257.700319273
0.3891067721549569,0.6772232860041519,0.007444168734491316,0.00037003494418260915,29.128221460905287,0.010960152249030379,1.1589869874770382
0.38812899630586045,0.7052707397876596,0.007444168734491316,0.0007789481977914829,29.198980778776246,0.023126995929235696,1.1958127966319063
0.38705283147612896,0.7371551642192414,0.007444168734491316,0.0012332080732063433,29.277261525002817,0.03671058089419588,1.2370913251745772
0.38586124233013985,0.7734855695845781,0.007444168734491316,0.0017408023593736073,29.36443287224592,0.05197267289666747,1.2836757453942143
0.3845330212832851,0.815178614050448,0.007444168734491316,0.002311712440335472,29.46221784269578,0.06924372025695548,1.3366161235131542
0.3830414279985192,0.8634660060289185,0.007444168734491316,0.0029585768089268904,29.57281513601843,0.08894693131784279,1.3972730016991926
0.38135225946082,0.91996371215608,0.007444168734491316,0.0036976385476782826,29.699075773910334,0.11163326418166111,1.4674097145956002
0.37942105180701063,0.9868348097657085,0.007444168734491316,0.0045501294929408236,29.844764416411852,0.13803350995735453,1.5493774817147696
0.37718892143074345,1.0670340051437412,0.007444168734491316,0.0055443454833027485,30.01495691033706,0.1691380944696494,1.646369685933157
0.37457620564386856,1.1646816425509692,0.007444168734491316,0.006718851890692835,30.216665446800683,0.20632336973962148,1.762852860867504
0.371472414691352,1.2856780782769681,0.007444168734491316,0.008127609133554311,30.45985723159851,0.25156000105360543,1.9052512618621893
0.36771972876428954,1.4387193257099744,0.007444168734491316,0.009848513163379657,30.759205125964304,0.3077711209942649,2.08317992975356
0.3630846498902611,1.6371513903102748,0.007444168734491316,0.011998320756800393,31.13720217058133,0.3794855178917586,2.3116835133065385
0.35720651672541964,1.9024460106134387,0.007444168734491316,0.014760358271418942,31.63020852745994,0.4741115842510883,2.6156858171264963
0.3494975251158946,2.2714375999828684,0.007444168734491316,0.018439857111800018,32.30103120195069,0.6046456799468151,3.0396490562132286
0.3389313400555232,2.813197767309769,0.007444168734491316,0.023585447926835132,33.268230336028886,0.7961187055657528,3.671053707698233
0.32354447571232575,3.674512127919082,0.007444168734491316,0.031291578835009826,34.78514523275099,1.1035048565200147,4.707570442179811
0.2990784321719926,5.230226584448474,0.007444168734491316,0.04409474338027389,37.503640422409916,1.6740666330452822,6.6993115808609796
0.2545861975194323,8.732585595026402,0.007444168734491316,0.06937873650532879,43.702863629920515,3.058059629938338,11.797133059955076
0.16193563203796488,18.24557917831267,0.007444168734491316,0.1339940867617873,65.89053394119335,8.7886575542911,32.34186268305216
0.35720651672541964,1.9024460106134387,0.007444168734491316,0.014760358271418942,31.63020852745994,0.4741115842510883,2.6156858171264963
0.35583577985921505,1.9663628030957119,0.007444168734491316,0.015409940798559443,31.747436292553953,0.4967801522832269,2.6889301834171806
0.35438689719242317,2.034733950196076,0.007444168734491316,0.01609876831407497,31.87229912208452,0.5209929853618002,2.7673414696888288
0.35285292056004885,2.1080135430496165,0.007444168734491316,0.01683051045900591,32.00557390561468,0.5469127496024155,2.8514835427501297
0.35122605480236824,2.186719542450396,0.007444168734491316,0.017609309167258797,32.14814645147523,0.5747256158500442,2.942004142231291
0.3494975251158946,2.2714375999828684,0.007444168734491316,0.018439857111800018,32.30103120195069,0.6046456799468151,3.0396490562132286
0.3476574180927127,2.3628484806314,0.007444168734491316,0.01932749275677967,32.46539579778679,0.6369206046220074,3.145290130987653
0.3456944951895583,2.461740233167172,0.007444168734491316,0.020278313004434754,32.642588969717444,0.6718381905997487,3.25994439785042
0.3435959560203101,2.569023944694799,0.007444168734491316,0.021299318379485,32.83418205300504,0.7097347461193371,3.384805527789757
0.3413471736711292,2.6857569721547696,0.007444168734491316,0.022398576971810028,33.042008393701664,0.7510053799224978,3.5212795933411507
0.3389313400555232,2.813197767309769,0.007444168734491316,0.023585447926835132,33.268230336028886,0.7961187055657528,3.671053707698233
0.33632906365875764,2.9528254902225775,0.007444168734491316,0.024870838808194424,33.515407158612135,0.8456329574115045,3.8361445069879205
0.3335178468542897,3.106405190792884,0.007444168734491316,0.02626754578781877,33.786595595740295,0.9002189714327066,4.0189886311470095
0.3304714580957596,3.2760687132813997,0.007444168734491316,0.027790670814243693,34.08547054836572,0.9606905868289674,4.222578065986469
0.327159114322,3.4643860622685105,0.007444168734491316,0.029458175293762736,34.41649662655861,1.0280423326211985,4.450578520229426
0.32354447571232575,3.674512127919082,0.007444168734491316,0.031291578835009826,34.78514523275099,1.1035048565200147,4.707570442179811
0.3195843618688077,3.9103452182516665,0.007444168734491316,0.033316875890855385,35.19819103134554,1.1886157697308966,4.99932474591547
0.3152270907989537,4.176754031548087,0.007444168734491316,0.03556575712667732,35.66412365221615,1.2853212638690263,5.333209066224601
0.3104103432180014,4.479894347637242,0.007444168734491316,0.03807723751332098,36.19371796533934,1.396119075291213,5.71876435863787
0.3050583883287287,4.827638638218236,0.007444168734491316,0.04089986097053582,36.80084310743354,1.5242628264944573,6.168533561588527
0.2990784321719926,5.230226584448474,0.007444168734491316,0.04409474338027389,37.503640422409916,1.6740666330452822,6.6993115808609796
0.2923558564567218,5.701051959265873,0.007444168734491316,0.04773979082195189,38.32625697446287,1.851357984025911,7.333987727635942
0.28474803370216245,6.257990393073945,0.007444168734491316,0.05193562031334601,39.3014586904015,2.0641782098733494,8.104384639772606
0.27607623862241315,6.925139458736234,0.007444168734491316,0.05681406598221162,40.47470933833118,2.3238934757730787,9.055796282278385
0.26611596913755464,7.735233751937588,0.007444168734491316,0.06255010860063993,41.9105412602721,2.646990233432727,10.254108037824665
0.2545861975194323,8.732585595026402,0.007444168734491316,0.06937873650532879,43.702863629920515,3.058059629938338,11.797133059955076
0.24114204068136127,9.9756374943318,0.007444168734491316,0.07761706136050033,45.991519603183704,3.59482785392768,13.832179993435982
0.22538438435941846,11.534839663828343,0.007444168734491316,0.08768785013095173,48.987934361819576,4.316549622747665,16.58002618498266
0.20692681965245185,13.47262477100115,0.007444168734491316,0.10012230661735219,53.00818267826396,5.317126646678915,20.354547058668835
0.18560994045479287,15.778619370405561,0.007444168734491316,0.1154701850379885,58.48773045625528,6.741197323473544,25.529637023906364
0.16193563203796488,18.24557917831267,0.007444168734491316,0.1339940867617873,65.89053394119335,8.7886575542911,32.34186268305216
0.39,1.0,0.007444168734491316,-2.4527487630716967e-15,22.54074188690017,-7.109793447693e-06,6574257.700319273
0.38896299221544095,0.6837470330630897,0.007444168734491316,0.00036717409297519347,29.138561582701268,0.010879227711229867,1.1593388199795704
0.38783051280039765,0.7120802395038094,0.007444168734491316,0.000772680074171331,29.220650305727556,0.022957606746076727,1.1965559849231449
0.38658706821221145,0.7440413165517245,0.007444168734491316,0.0012228526757966198,29.311272547389002,0.03644382977590896,1.2382800131078862
0.38521362239332835,0.7804260488154623,0.007444168734491316,0.0017255053583155237,29.412029517431677,0.05159793999954055,1.285372175107676
0.38368652319036084,0.8221598419702738,0.007444168734491316,0.0022903873847376047,29.52488081029262,0.06874819926086617,1.3388980163346884
0.3819760128473807,0.8704553036056698,0.007444168734491316,0.0029298234859878305,29.652325705682284,0.08831496493689697,1.4002372702737664
0.3800441220502777,0.9269106550718251,0.007444168734491316,0.003659624928400005,29.797603583601635,0.11084546842093165,1.4711821000448242
0.3778416279286584,0.9936690295334756,0.007444168734491316,0.004500416906743012,29.96498848233409,0.13706537741364197,1.5541177074280024
0.375303552447934,1.0736396368691787,0.007444168734491316,0.005479622279690345,30.160235259022826,0.1679581043801664,1.652291500225997
0.37234230793390427,1.1708965245681948,0.007444168734491316,0.006634518859458122,30.39130354825979,0.20488984046944206,1.7702419108228582
0.3688369415922342,1.2912611376820322,0.007444168734491316,0.008017097806417156,30.669464031096933,0.24981638111534382,1.9145090891359597
0.36461555893907455,1.4433143314410177,0.007444168734491316,0.00970214352955144,31.01132615337084,0.30563755395635334,2.0948864483338463
0.3594254159346308,1.6402203347654971,0.007444168734491316,0.011801245041044848,31.442274694884308,0.3768440312266253,2.3267007142610314
0.3528790998441244,1.9031740443431178,0.007444168734491316,0.014488658617287568,32.003267245724366,0.4707763436343232,2.635373003641835
0.3443511344334834,2.2685251676222102,0.007444168734491316,0.018052624586372325,32.76497612181414,0.6002995726847167,3.0662898434031223
0.3327633911490407,2.8043517245954916,0.007444168734491316,0.02300652260223322,33.86012352864785,0.7901485481455139,3.7087539881255926
0.3160889604327044,3.6547872543425948,0.007444168734491316,0.03036225995713009,35.57098816431355,1.0944878514261391,4.764440047626935
0.2900464716476444,5.1844273706686765,0.007444168734491316,0.042422950842364374,38.61717325919421,1.6575197057900792,6.7924134089514085
0.24413413132404602,8.576870157478943,0.007444168734491316,0.06568105243380351,45.462227273615525,3.0089486139612305,11.940835794403771
0.1544366883229894,17.231486199931123,0.007444168734491316,0.12193288978253164,68.59384270025987,8.30830483642409,31.439961089072835
0.3528790998441244,1.9031740443431178,0.007444168734491316,0.014488658617287568,32.003267245724366,0.4707763436343232,2.635373003641835
0.35135803911105745,1.966490275228271,0.007444168734491316,0.015119189962099945,32.13653235241676,0.49327434344446447,2.709787608055749
0.34975251648926986,2.034202097207404,0.007444168734491316,0.015787169569835207,32.278386120521944,0.5173026611751614,2.789464569109612
0.3480551654136761,2.1067604579504446,0.007444168734491316,0.016496061852266437,32.429725459396145,0.5430223294285679,2.8749828736379848
0.34625777648684025,2.184675072934378,0.007444168734491316,0.017249749897551295,32.591543365969315,0.5706174190866447,2.9670034869223745
0.3443511344334834,2.2685251676222102,0.007444168734491316,0.018052624586372325,32.76497612181414,0.6002995726847167,3.0662898434031223
0.34232486079864566,2.358981554992625,0.007444168734491316,0.018909669852805108,32.951329478045224,0.6323132363221569,3.1737284772041807
0.3401672193829157,2.4568205969991626,0.007444168734491316,0.01982656965651434,33.15211493478529,0.6669428584629522,3.2903619803863364
0.33786490287160154,2.562931723970584,0.007444168734491316,0.020809826798964804,33.36908292654173,0.7045199392914342,3.4174029282969105
0.3354027431559905,2.678365869865764,0.007444168734491316,0.021866926854090907,33.60428331601021,0.7454347081050957,3.5562951070698636
0.3327633911490407,2.8043517245954916,0.007444168734491316,0.02300652260223322,33.86012352864785,0.7901485481455139,3.7087539881255926
0.32992690965358284,2.942341114360367,0.007444168734491316,0.024238672702037268,34.13945234328554,0.8392110606917411,3.876834475138606
0.32687027078646974,3.09407341286393,0.007444168734491316,0.025575142136917604,34.445667805794066,0.893283185352422,4.06303684582187
0.3235667581573621,3.261618960015041,0.007444168734491316,0.027029768855232086,34.782848192130466,0.9531635647576859,4.27038772347308
0.31998518523772873,3.4474996042554653,0.007444168734491316,0.028618952674541318,35.15593955109079,1.0198298202506944,4.502636403160621
0.3160889604327044,3.6547872543425948,0.007444168734491316,0.03036225995713009,35.57098816431355,1.0944878514261391,4.764440047626935
0.31183487525133624,3.8872689613531937,0.007444168734491316,0.03228322897379991,36.03546697548614,1.1786427831907453,5.061663582578991
0.3071715875921896,4.149662463547651,0.007444168734491316,0.03441041696190738,36.55871469150604,1.2741960464395063,5.401783868238371
0.3020376859135376,4.447925028786764,0.007444168734491316,0.03677879281700975,37.15254693868519,1.3835820610691305,5.794460235438315
0.29635920606630084,4.78959405895377,0.007444168734491316,0.03943161180844976,37.83212110081253,1.5099640962735894,6.252374696772534
0.2900464716476444,5.1844273706686765,0.007444168734491316,0.042422950842364374,38.61717325919421,1.6575197057900792,6.7924134089514085
0.2829900303454641,5.645151342580809,0.007444168734491316,0.04582120772325567,39.533839684560114,1.8318707367364926,7.437519175704486
0.2750555723835023,6.188528735478808,0.007444168734491316,0.04971392642081605,40.61736721295612,2.0407323468556995,8.219396281072102
0.2660777180383459,6.836856866147052,0.007444168734491316,0.0542145197030499,41.91624865265052,2.2949302974746066,9.182762511450996
0.2558530718275789,7.619898473995464,0.007444168734491316,0.05947153687009582,43.498617673013804,2.610028051612246,10.391947235979325
0.24413413132404602,8.576870157478943,0.007444168734491316,0.06568105243380351,45.462227273615525,3.0089486139612305,11.940835794403771
0.23062887475446903,9.757528723189154,0.007444168734491316,0.07310179016229819,47.949866813218335,3.5262614983943203,13.967518684030797
0.21502018947600174,11.217457535132205,0.007444168734491316,0.08206792271731288,51.171453580717795,4.2149633363266945,16.671458084681763
0.1970401001843313,12.997381037168747,0.007444168734491316,0.09298003421030192,55.42807882338994,5.156194967444557,20.32027968937643
0.1766632922244519,15.066483070473868,0.007444168734491316,0.10622161722438223,61.10973829221153,6.469106038374203,25.20145657973901
0.1544366883229894,17.231486199931123,0.007444168734491316,0.12193288978253164,68.59384270025987,8.30830483642409,31.439961089072835
0.39,1.0,0.007444168734491316,-2.4527487630716967e-15,22.54074188690017,-7.109793447693e-06,6574257.700319273
0.3881283474500015,0.7240281031072828,0.007444168734491316,0.0003505683529118494,29.199027836780743,0.010408342097747485,1.1614431941719727
0.3861103406388766,0.7530305175684635,0.007444168734491316,0.0007365583755967937,29.346164681981172,0.021976647446499218,1.201001961064084
0.3839231254522932,0.7856648737452696,0.007444168734491316,0.0011636292808744006,29.507339021881386,0.0349065431050728,1.2453570859432062
0.38153884866528615,0.8227023257094725,0.007444168734491316,0.0016387152351223892,29.68507545293962,0.049449211937733474,1.2954259912512565
0.37892321190275474,0.8650360635512303,0.007444168734491316,0.0021704065114022263,29.882554551490973,0.06592161513397457,1.3523601265246652
0.37603349314633866,0.9138399287032284,0.007444168734491316,0.0027694760595680574,30.10382393358341,0.08472944464199528,1.4176429901634369
0.372815791857967,0.9706491888424592,0.007444168734491316,0.0034496211075909985,30.354119024254963,0.10640053910324845,1.4932125316967535
0.3692011200939728,1.037510692096162,0.007444168734491316,0.004228528577686073,30.640320107136354,0.1316344468134375,1.5816539924008968
0.36509971439084166,1.1172082406885713,0.007444168734491316,0.00512945244698695,30.971729961702863,0.16137840019762326,1.6864956965957851
0.36039261479084184,1.213601771084528,0.007444168734491316,0.006183580850364672,31.361057164810255,0.1969469762664408,1.8126844248478498
0.3549187148522109,1.3322040225684775,0.007444168734491316,0.0074337666006289195,31.826353419752202,0.24021949929213787,1.967368958773249
0.34845432897137435,1.4811456612772569,0.007444168734491316,0.008940552198449738,32.39400737624842,0.29397745859261054,2.16128553922363
0.34067960692327187,1.6728927701161744,0.007444168734491316,0.010792388406404802,33.10420069822636,0.3625177476957045,2.411297753819629
0.33112073297977035,1.9274701878456422,0.007444168734491316,0.013123924425181012,34.02132835012212,0.4528393682425196,2.745443676499834
0.3190453837977322,2.279187915481223,0.007444168734491316,0.016150801631142294,35.25515521286369,0.5771429064522838,3.2138643084968996
0.3032602571976311,2.791780983409079,0.007444168734491316,0.020241878180682245,37.009399530001055,0.7586833805069416,3.9151484393428504
0.2816907676106934,3.5973674095494554,0.007444168734491316,0.02608502084952801,39.70733670083745,1.0475962267509098,5.070185775751263
0.25044124426106384,5.0130921420133205,0.007444168734491316,0.03512378517885332,44.38442927072571,1.5730367903087268,7.274139420544106
0.20179434150866432,7.918701656445483,0.007444168734491316,0.05088231113381313,54.24066747171333,2.7683131383024366,12.57992140750601
0.12627223752136837,13.60491974864287,0.007444168734491316,0.08178073059439697,80.58619671592412,6.484987287991239,27.78505166329714
0.33112073297977035,1.9274701878456422,0.007444168734491316,0.013123924425181012,34.02132835012212,0.4528393682425196,2.745443676499834
0.3289367494320475,1.9885708498033883,0.007444168734491316,0.013664730806094125,34.2380495736131,0.4744525735129502,2.826185081407476
0.3266459732225305,2.053841764134848,0.007444168734491316,0.014235154164346845,34.46835441221274,0.49752643004872615,2.912711997730566
0.32424010257851693,2.123704171475015,0.007444168734491316,0.014837711000730183,34.713587953478495,0.5222127719069888,3.0056600473375865
0.32170995728162033,2.19863984169406,0.007444168734491316,0.015475212636799565,34.97527827218032,0.5486851852897354,3.1057623895965314
0.3190453837977322,2.279187915481223,0.007444168734491316,0.016150801631142294,35.25515521286369,0.5771429064522838,3.2138643084968996
0.31623500413898414,2.3659785705751712,0.007444168734491316,0.01686804464417014,35.55525395982381,0.6078151124603599,3.3309424564809875
0.31326628303132015,2.4597318834595576,0.007444168734491316,0.01763091571165918,35.87783363765998,0.6409677839247797,3.4581409597653234
0.31012509432242996,2.561271094586771,0.007444168734491316,0.01844395824089018,36.225574280834735,0.6769104564846481,3.5968002331696627
0.3067956764214715,2.67157474062064,0.007444168734491316,0.019312314822642892,36.601554031295606,0.7160066235185072,3.7485116254158455
0.3032602571976311,2.791780983409079,0.007444168734491316,0.020241878180682245,37.009399530001055,0.7586833805069416,3.9151484393428504
0.2994988247212693,2.923195497026122,0.007444168734491316,0.021239399392483326,37.45336253735307,0.8054491609124024,4.098975046850547
0.29548872222113454,3.067397142513668,0.007444168734491316,0.022312668247100004,37.938485908163166,0.8569096796492103,4.302694544727084
0.2912042364518737,3.226256216751099,0.007444168734491316,0.023470711450519023,38.47078200506823,0.9137962734681165,4.529613812356132
0.28661607632768366,3.402016928283228,0.007444168734491316,0.02472405071515962,39.05747902506134,0.9769961132027889,4.7837798025389615
0.2816907676106934,3.5973674095494554,0.007444168734491316,0.02608502084952801,39.70733670083745,1.0475962267509098,5.070185775751263
0.2763899411006229,3.815608938183344,0.007444168734491316,0.02756816890779384,40.43106163146395,1.1269417141989795,5.3950807713272315
0.27066946461102714,4.060735788788608,0.007444168734491316,0.029190770870136475,41.24187367716736,1.216714238463654,5.76633887547691
0.26447850017544167,4.337689895337506,0.007444168734491316,0.030973466217543242,42.15624457362971,1.3190393681829262,6.193981960138115
0.2577583486593811,4.652589288851763,0.007444168734491316,0.03294110076400818,43.19493955741066,1.436637549165907,6.69095559202894
0.25044124426106384,5.0130921420133205,0.007444168734491316,0.03512378517885332,44.38442927072571,1.5730367903087268,7.274139420544106
0.24244918451680358,5.428658245391112,0.007444168734491316,0.03755823427441306,45.758841992457214,1.7328713487940193,7.9657742366863395
0.2336929901265025,5.911128160448999,0.007444168734491316,0.04028946129054063,47.36269770640014,1.9223177479952354,8.795444109570639
0.2240721969235063,6.475051563761204,0.007444168734491316,0.04337282193616066,49.25468655492519,2.1497180139298906,9.80279786103415
0.21347699215909774,7.13777165389717,0.007444168734491316,0.046876258850133315,51.51276797860765,2.426476542637416,11.040890371243117
0.20179434150866432,7.918701656445483,0.007444168734491316,0.05088231113381313,54.24066747171333,2.7683131383024366,12.57992140750601
0.18892283500550167,8.836141096165512,0.007444168734491316,0.05548844413592276,57.574897618685995,3.1969009764360274,14.509349753450842
0.17480346394379867,9.899996371574774,0.007444168734491316,0.06080249844998671,61.68865979210049,3.7416715709990016,16.933360624589444
0.15947495430326164,11.096946206627566,0.007444168734491316,0.06692712084560981,66.7829704739599,4.440927704176894,19.949524944794824
0.1431502815157204,12.369988443961478,0.007444168734491316,0.07392666943013051,73.0482721903737,5.340221244380797,23.598002089400346
0.12627223752136837,13.60491974864287,0.007444168734491316,0.08178073059439697,80.58619671592412,6.484987287991239,27.78505166329714
0.39,1.0,0.007444168734491316,-2.4527487630716967e-15,22.54074188690017,-7.109793447693e-06,6574257.700319273
0.3878476853498586,0.6695077418198067,0.007444168734491316,0.000344984509234904,29.21940271858642,0.010249573288385093,1.1620931529390617
0.3855098624206822,0.6966722392589781,0.007444168734491316,0.0007239497234099026,29.3902380394666,0.021632276651722838,1.2024406472380578
0.3829590562239616,0.7272528497684426,0.007444168734491316,0.0011421985074466382,29.57894710602394,0.03434528719466922,1.2477631963853386
0.3801620702728751,0.7618939558518492,0.007444168734491316,0.0016062028601781242,29.788692427541243,0.048634220968882425,1.2990086254692872
0.3770784100921356,0.8014496897930448,0.007444168734491316,0.0021239464964746563,30.023433803919964,0.06480907393568461,1.3573849388413726
0.3736581531744965,0.8470205697335058,0.007444168734491316,0.0027053960416205864,30.28819062919084,0.08326667902654161,1.4244427791273964
0.3698390260245632,0.9000428567452357,0.007444168734491316,0.003363159878030948,30.589410375119847,0.10452339110962383,1.5022140342775345
0.3655422993663742,0.9624381884920843,0.007444168734491316,0.004113438522066217,30.935622344071632,0.12926356842185888,1.593410718738907
0.3606669722181201,1.036812456325421,0.007444168734491316,0.004977395327602963,31.33809425011757,0.15841379242273934,1.7017400616819887
0.35508120772773005,1.1268249090810551,0.007444168734491316,0.005983250685384915,31.812341564488968,0.19326000086549638,1.8324097464348315
0.3486095371469443,1.2377187390865934,0.007444168734491316,0.00716950740853953,32.380142123092625,0.23564011063451057,1.9929532421359684
0.3410130354843839,1.3772339275278669,0.007444168734491316,0.008590159219921517,33.07311635013693,0.28827352022550967,2.194717442928254
0.3319575583336621,1.5573004452342256,0.007444168734491316,0.01032344752990414,33.93899776861422,0.3553577430105781,2.455508041706696
0.3209605006258171,1.7971320075838182,0.007444168734491316,0.012487437710109501,35.053551802602726,0.443723093021526,2.804996076729521
0.3072976281218234,2.1296734765627106,0.007444168734491316,0.015269375704380026,36.544373285491766,0.5652504003968205,3.2961705975223956
0.28982901596064853,2.615986637500063,0.007444168734491316,0.01898612585659374,38.64479225690633,0.7425048307221791,4.033040072100067
0.26665349943049316,3.381769570352256,0.007444168734491316,0.024221547037396842,41.83049828695507,1.023798757813306,5.246945258383059
0.23438487996489396,4.722986227119434,0.007444168734491316,0.032182319209120784,47.23202084517425,1.5317500108763187,7.54954216262018
0.18682635930335895,7.41857062165053,0.007444168734491316,0.04573807021626048,58.15403303940464,2.6620773953988324,12.93630822569742
0.11783761334433919,12.434867495377711,0.007444168734491316,0.07139080670455172,84.81966980133771,5.938209375353479,27.06199718123106
0.3209605006258171,1.7971320075838182,0.007444168734491316,0.012487437710109501,35.053551802602726,0.443723093021526,2.804996076729521
0.3184701821089739,1.8548103940370313,0.007444168734491316,0.012986661554485865,35.31617267705927,0.4648610957086991,2.8895713378196985
0.31586716681772176,1.9164701548934804,0.007444168734491316,0.013512169109228027,35.594909258080165,0.4874243432772439,2.9802528853901564
0.31314342716931903,1.9825161770458706,0.007444168734491316,0.014066130172793295,35.89131090955229,0.5115605196528135,3.077713991554524
0.31029014680209444,2.0534213800178445,0.007444168734491316,0.01465096423685339,36.20713406990933,0.5374380723155888,3.182724602903287
0.3072976281218234,2.1296734765627106,0.007444168734491316,0.015269375704380026,36.544373285491766,0.5652504003968205,3.2961705975223956
0.3041551743665236,2.2119033303614763,0.007444168734491316,0.01592439916669558,36.905306000848356,0.5952196687619707,3.4190997284955778
0.30085094489607694,2.300786254157045,0.007444168734491316,0.016619455245750543,37.29255603659945,0.6276034689019769,3.552704472280703
0.2973718334438168,2.397122011420059,0.007444168734491316,0.017358404945946117,37.709130463508416,0.6627018085339059,3.6984064925125475
0.29370327072612507,2.5018279972787063,0.007444168734491316,0.018145630139972495,38.15851994775677,0.7008646196506031,3.857857579561927
0.28982901596064853,2.615986637500063,0.007444168734491316,0.01898612585659374,38.64479225690633,0.7425048307221791,4.033040072100067
0.28573092472767053,2.7408505201849636,0.007444168734491316,0.01988560850901912,39.17271142462952,0.7881108651720441,4.226307917119313
0.28138866453657274,2.8779160599056692,0.007444168734491316,0.02085065257709143,39.747894167747425,0.8382655564926138,4.440500669432435
0.2767793922635297,3.028942967255098,0.007444168734491316,0.021888855868041568,40.37700418285954,0.8936687889347019,4.679048576578859
0.2718773629549125,3.1960661509864705,0.007444168734491316,0.02300904872228658,41.068008517585845,0.9551682459493017,4.946141891349844
0.26665349943049316,3.381769570352256,0.007444168734491316,0.024221547037396842,41.83049828695507,1.023798757813306,5.246945258383059
0.2610748671432428,3.5891246463849975,0.007444168734491316,0.0255384781013802,42.67612100219284,1.100835708652834,5.587857937196363
0.255104082905924,3.8218590488267,0.007444168734491316,0.026974188285989017,43.619145665742856,1.1878662693295463,5.976936914147989
0.2486987107701083,4.084485794057153,0.007444168734491316,0.02854574089631608,44.67719277453186,1.2868845819090715,6.4243045479515875
0.24181053164539937,4.38257810082637,0.007444168734491316,0.030273575225999456,45.872250998985415,1.4004259470611171,6.942935334856978
0.23438487996489396,4.722986227119434,0.007444168734491316,0.032182319209120784,47.23202084517425,1.5317500108763187,7.54954216262018
0.226360178025563,5.114144375083587,0.007444168734491316,0.03430178813759022,48.79170734735981,1.685095455739462,8.265795451991432
0.21766780604374303,5.566233915244977,0.007444168734491316,0.036668230214853714,50.59646168005387,1.8660388695027859,9.120004757112572
0.20823297564897758,6.091506404425391,0.007444168734491316,0.039325746216447,52.70456074641973,2.0819924523139663,10.149083688267337
0.19797747151828793,6.704025851436427,0.007444168734491316,0.04232777200181182,55.191426347368186,2.3428894388254475,11.400961550403693
0.18682635930335895,7.41857062165053,0.007444168734491316,0.04573807021626048,58.15403303940464,2.6620773953988324,12.93630822569742
0.17472089904584867,8.247878697999692,0.007444168734491316,0.049630431450565615,61.7147112516169,3.057396442584771,14.828174572423952
0.16164324181666473,9.195903160977752,0.007444168734491316,0.05408438665259709,66.02011242013575,3.5521611199534218,17.1547708109305
0.14765447883349686,10.24771265533248,0.007444168734491316,0.059173907720023476,71.22861044658255,4.17542293434479,19.979573716345257
0.13294057788660887,11.355993076915903,0.007444168734491316,0.06494570627533885,77.47610042204381,4.960197313721732,23.312680363095815
0.11783761334433919,12.434867495377711,0.007444168734491316,0.07139080670455172,84.81966980133771,5.938209375353479,27.06199718123106
0.39,1.0,0.007444168734491316,-2.4527487630716967e-15,22.54074188690017,-7.109793447693e-06,6574257.700319273
0.3874504701092097,0.6761860755924614,0.007444168734491316,0.00033708193956080045,29.248287871966667,0.010024503849658955,1.1631137171081722
0.3846922339669716,0.7033273658356259,0.007444168734491316,0.0007067820023762693,29.45046187833485,0.021161778835543658,1.204611869132386
0.38169514479134714,0.7338536077466955,0.007444168734491316,0.001114103465072053,29.6733261619974,0.033605480297807834,1.2512345761984107
0.37842293584903347,0.7683999834377407,0.007444168734491316,0.001565136767640331,29.920626755166417,0.047596852635136945,1.3039683779901292
0.37483158408082146,0.8077946988446654,0.007444168734491316,0.0020673678467151174,30.196829477486318,0.06344038973931922,1.36406814011109
0.37086710029096137,0.8531184025833508,0.007444168734491316,0.002630111734355866,30.50774739251961,0.08152581517803378,1.433139670170214
0.3664625274705746,0.9057722461488804,0.007444168734491316,0.0032651083779540193,30.860817149761633,0.10236018980523005,1.513292427023916
0.36153377185419944,0.9676345939127409,0.007444168734491316,0.003987374759878412,31.265771216821115,0.12661547662240485,1.6073477065319721
0.35597370718190624,1.0412473462145164,0.007444168734491316,0.004816445239874723,31.73559495486227,0.1552013581217443,1.719164375675408
0.3496436337982555,1.1301784964453019,0.007444168734491316,0.005778231657732197,32.28805179532376,0.18937971441875126,1.8541636558374013
0.3423606389259595,1.2395397949784668,0.007444168734491316,0.006907882809691096,32.948021704233724,0.23095358555544038,2.020201387075698
0.33387825351742445,1.3768756788134746,0.007444168734491316,0.008254372001713505,33.75157469957605,0.2825889243056716,2.2291170949879437
0.32385588541441157,1.553825595212046,0.007444168734491316,0.009888157284653342,34.75307491352717,0.34839705455277614,2.4995113444555437
0.31180872229023177,1.7891080626060776,0.007444168734491316,0.011914611371479483,36.038359182446825,0.4350574445355981,2.862339537758731
0.29702141413003047,2.1148604133588735,0.007444168734491316,0.014499211578308835,37.75160130609858,0.5541624587900305,3.3729359732013995
0.2783919369714746,2.590323800883159,0.007444168734491316,0.017918461426116094,40.154685552787676,0.7276392802322195,4.13939634238623
0.25413340537352586,3.3364766586291883,0.007444168734491316,0.02267354070565793,43.77632270802228,1.002080568356386,5.400454212202241
0.22119354440986677,4.631244352288803,0.007444168734491316,0.029775209759554132,49.84928047432551,1.4938299533095134,7.77423737089803
0.17441899416313286,7.155497247484945,0.007444168734491316,0.041520120203651,61.80863674650594,2.5627461552910424,13.157910990041158
0.11016058127576185,11.515106066960815,0.007444168734491316,0.06262721666050435,88.96299407059784,5.444450805697498,26.036590721433818
0.31180872229023177,1.7891080626060776,0.007444168734491316,0.011914611371479483,36.038359182446825,0.4350574445355981,2.862339537758731
0.309098836158447,1.845646075989552,0.007444168734491316,0.012380088190740211,36.34064185061972,0.4557815410922008,2.950217468878972
0.3062733575658909,1.9060824240444996,0.007444168734491316,0.012869274262605293,36.66124433055479,0.4779001184442067,3.0444686310325686
0.3033244636518441,1.9707831151192348,0.007444168734491316,0.013384072495714,37.001911638336885,0.5015564923751687,3.145778609528798
0.30024360422411756,2.0402068003364504,0.007444168734491316,0.013926598451299111,37.364617004410135,0.5269146102028492,3.254958178532932
0.29702141413003047,2.1148604133588735,0.007444168734491316,0.014499211578308835,37.75160130609858,0.5541624587900305,3.3729359732013995
0.29364761816069596,2.1953317240429486,0.007444168734491316,0.015104550749527856,38.165417345356566,0.5835158418764543,3.500785445697354
0.290110899907138,2.282282845083393,0.007444168734491316,0.015745582155378943,38.6089977460636,0.6152249586852828,3.63976506647864
0.2863988074687504,2.3764818708976887,0.007444168734491316,0.016425641699960754,39.08570194869559,0.6495793644087963,3.7913251388925557
0.2824975692250259,2.4788106857896928,0.007444168734491316,0.017148505715364533,39.5994234010302,0.6869179345467169,3.957178613570177
0.2783919369714746,2.590323800883159,0.007444168734491316,0.017918461426116094,40.154685552787676,0.7276392802322195,4.13939634238623
0.2740649928044777,2.7122256181944455,0.007444168734491316,0.018740395591681416,40.75677162316343,0.7722136956797082,4.340390490922495
0.269497904499568,2.8459649307558816,0.007444168734491316,0.01961990836050965,41.411898576604166,0.8212012038752392,4.563076434496603
0.26466970375156024,2.9931808143790946,0.007444168734491316,0.020563436539817848,42.127407624174275,0.8752725671240833,4.810972644802498
0.2595569441994982,3.1558862970216723,0.007444168734491316,0.021578429442807405,42.912052503902444,0.9352372718523145,5.088345551106884
0.25413340537352586,3.3364766586291883,0.007444168734491316,0.02267354070565793,43.77632270802228,1.002080568356386,5.400454212202241
0.24836970419849894,3.537805440231507,0.007444168734491316,0.023858882873072158,44.73289304740622,1.0770103575077754,5.753746250842155
0.24223292615751413,3.7633295050524715,0.007444168734491316,0.025146329023764243,45.79718338255822,1.1615223885799306,6.156280740806462
0.23568619090886983,4.017198017936303,0.007444168734491316,0.026549904186526977,46.98811964948512,1.2574854919213312,6.618152951094863
0.22868830592380388,4.304496667025509,0.007444168734491316,0.02808625274911656,48.32910316572854,1.3672541390617778,7.15206978808148
0.22119354440986677,4.631244352288803,0.007444168734491316,0.029775209759554132,49.84928047432551,1.4938299533095134,7.77423737089803
0.21315162171552585,5.004788123599848,0.007444168734491316,0.03164050895772254,51.5852319427588,1.641071485332618,8.505301425939605
0.2045083344332842,5.43377641842204,0.007444168734491316,0.03371056619324118,53.583077544050006,1.8139798241427114,9.371588499553031
0.19520720706981423,5.928146641632057,0.007444168734491316,0.03601932377086536,55.90108283667651,2.0190878492079327,10.406557720425818
0.1851930920434008,6.498691391396194,0.007444168734491316,0.038606961264530185,58.612580125951894,2.264949580683841,11.65190561685534
0.17441899416313286,7.155497247484945,0.007444168734491316,0.041520120203651,61.80863674650594,2.5627461552910424,13.157910990041158
0.16285839022014473,7.905397390440389,0.007444168734491316,0.04481075200865512,65.59873784767234,2.9268887548120603,14.980721144024937
0.1505248076318734,8.74652474105142,0.007444168734491316,0.04853227301051461,70.10628536900747,3.375417636601778,17.173982246509386
0.13749861706632843,9.660906457435306,0.007444168734491316,0.05273113581170574,75.45358503404704,3.929668756307767,19.770905503315632
0.12395302886260935,10.60622520749792,0.007444168734491316,0.057433107521415484,81.73219490468362,4.612495494320632,22.756074838891468
0.11016058127576185,11.515106066960815,0.007444168734491316,0.06262721666050435,88.96299407059784,5.444450805697498,26.036590721433818
0.39,1.0,0.007444168734491316,-2.4527487630716967e-15,22.54074188690017,-7.109793447693e-06,6574257.700319273
0.38706341546090994,0.6828776433154297,0.007444168734491316,0.000329381466212763,29.27643598986377,0.009804770245336285,1.1641223116118704
0.38389843771068255,0.7100479394520854,0.007444168734491316,0.0006901153433137493,29.509168392409762,0.02070319867522665,1.2067620860475132
0.38047280359746516,0.7405777753182065,0.007444168734491316,0.0010869350910265715,29.765239316073995,0.03288563419378032,1.2546703628524218
0.376747854251741,0.7750908250048272,0.007444168734491316,0.0015255866411769132,30.04881818334748,0.046589277374009704,1.3088755270680386
0.372676859524051,0.8144070929180828,0.007444168734491316,0.0020131148080235377,30.36502045734709,0.06211342468336084,1.3706702893389981
0.3682027804489561,0.8595830613935675,0.007444168734491316,0.0025582566219407104,30.720341530740146,0.07984119880520223,1.4417178980675827
0.3632552408591008,0.9119967674788487,0.007444168734491316,0.0031719866508476986,31.12311987177862,0.10027103037389204,1.5242070429150678
0.3577463507959745,0.9734880907233783,0.007444168734491316,0.0038682921762637837,31.58427917132052,0.12406331188977715,1.6210570346937494
0.3515648571928905,1.046552145243479,0.007444168734491316,0.0046652930473141075,32.11835009630941,0.1521118955663675,1.7362760745083858
0.34456773777614136,1.1346802375539426,0.007444168734491316,0.005586915991647957,32.74518119970118,0.18565656107328818,1.8754845310119577
0.3365678706076116,1.2428869434682013,0.007444168734491316,0.006665458245669029,33.492570970387824,0.22646795361435365,2.0468719646002134
0.3273154129640068,1.3785439476382677,0.007444168734491316,0.00794566488507645,34.40071649682645,0.2771623953084544,2.2627075199119506
0.3164686939171648,1.5530496492288468,0.007444168734491316,0.009491508801405469,35.53010930556302,0.3417705502052226,2.5423577417842864
0.30354737985400915,1.7847290887481366,0.007444168734491316,0.011397950210413118,36.97594345150919,0.42683323470866924,2.9180305347143847
0.28785314173408894,2.104964615535604,0.007444168734491316,0.013812828617799087,38.89755413412304,0.5436743296149845,3.447123957631366
0.2683298714233968,2.571434460704424,0.007444168734491316,0.016980549688510014,41.582791587285215,0.7136284705782112,4.241457671236685
0.2433069094060714,3.3007054899662367,0.007444168734491316,0.021337865576847508,45.607383313814374,0.9816906182790072,5.545734628300293
0.2100357465418917,4.554297966302583,0.007444168734491316,0.02774694485982077,52.28902543021948,1.4584200426577543,7.9798284487015625
0.1642162189372502,6.9295700823209545,0.007444168734491316,0.038089701378180144,65.1329161478807,2.472153153564415,13.3340649171566
0.10386487762953067,10.78521153621444,0.007444168734491316,0.055928008223993776,92.57687893586551,5.0434977175186,25.184377575620275
0.30354737985400915,1.7847290887481366,0.007444168734491316,0.011397950210413118,36.97594345150919,0.42683323470866924,2.9180305347143847
0.30065783681105984,1.8403571180841631,0.007444168734491316,0.011834209792986591,37.315439185058985,0.4471701041160302,3.00905804769415
0.2976515378683838,1.899777828186199,0.007444168734491316,0.012292041862076719,37.67529380246349,0.4688724137729131,3.106699415024462
0.29452091372284467,1.963385357840499,0.007444168734491316,0.012773141043976368,38.05744062285513,0.49208019825950433,3.211680122289179
0.29125776989957747,2.031620072443901,0.007444168734491316,0.013279374961637641,38.464039828356974,0.5169532990814896,3.3248414432159206
0.28785314173408894,2.104964615535604,0.007444168734491316,0.013812828617799087,38.89755413412304,0.5436743296149845,3.447123957631366
0.28429723016413616,2.1839865060512027,0.007444168734491316,0.014375829349918294,39.360790355144324,0.5724531542212319,3.5796419966880366
0.28057931138374587,2.269337362389117,0.007444168734491316,0.014970981842057958,39.85695416797017,0.6035320437358898,3.7236840165045684
0.2766876162117822,2.3617608238777046,0.007444168734491316,0.015601213749544632,40.38973063276617,0.6371928299526094,3.8807690481946016
0.27260921714656083,2.4621191940873395,0.007444168734491316,0.01626982437017663,40.9633666104657,0.673763411095374,4.052662439751013
0.2683298714233968,2.571434460704424,0.007444168734491316,0.016980549688510014,41.582791587285215,0.7136284705782112,4.241457671236685
0.263833876335311,2.6908346084742356,0.007444168734491316,0.01773763273110674,42.25374607446188,0.7572418021324626,4.449635807285908
0.2591038561153759,2.821701212058008,0.007444168734491316,0.018545920459352477,42.98297187271303,0.8051423568324191,4.680183101459213
0.25412061984014667,2.9656424026723034,0.007444168734491316,0.01941095794687867,43.77839546650858,0.8579736559879213,4.936668139063195
0.24886282713802704,3.1245631415744097,0.007444168734491316,0.02033914649727519,44.64945912662846,0.916510568213125,5.223439105444753
0.2433069094060714,3.3007054899662367,0.007444168734491316,0.021337865576847508,45.607383313814374,0.9816906182790072,5.545734628300293
0.23742666414706326,3.4967608629764655,0.007444168734491316,0.02241570563211016,46.665688141388905,1.0546613274095273,5.910062433244422
0.23119305856049238,3.7159638200182568,0.007444168734491316,0.023582696057191193,47.84073038710889,1.1368333528298076,6.324403972651754
0.22457404038170006,3.962088620917668,0.007444168734491316,0.02485059078939338,49.15241919302379,1.2299600588601527,6.798700434405006
0.21753438651693183,4.239723049438875,0.007444168734491316,0.026233226728389354,50.62515685543537,1.3362328472021712,7.3453335638467285
0.2100357465418917,4.554297966302583,0.007444168734491316,0.02774694485982077,52.28902543021948,1.4584200426577543,7.9798284487015625
0.20203700911346853,4.912189091786837,0.007444168734491316,0.02941107963411019,54.18127948071992,1.6000403738136877,8.721672016641575
0.19349539198938623,5.32069663665395,0.007444168734491316,0.03124845875094282,56.34809194469114,1.7655930362507828,9.595113464523363
0.184368434887773,5.787959355832422,0.007444168734491316,0.03328591508828924,58.84660687672762,1.960853183490328,10.63014969984926
0.17461784522229717,6.321957165863957,0.007444168734491316,0.03555459008397003,61.746879528367856,2.1932300542847902,11.862745287408465
0.1642162189372502,6.9295700823209545,0.007444168734491316,0.038089701378180144,65.1329161478807,2.472153153564415,13.3340649171566
0.15315755195246455,7.613673619252995,0.007444168734491316,0.04092927531885712,69.10140337443204,2.8094015381471023,15.086818780751194
0.14147255645675266,8.369157144631519,0.007444168734491316,0.044110872014215,73.75524215670735,3.21918314899456,17.156951273338297
0.1292470017372178,9.176955516626267,0.007444168734491316,0.04766541262940573,79.1886699192781,3.717581997080677,19.558411385617486
0.11663661859061139,10.000350533957224,0.007444168734491316,0.05160792689104057,85.4625714930703,4.321021196780419,22.263241947393215
0.10386487762953067,10.78521153621444,0.007444168734491316,0.055928008223993776,92.57687893586551,5.0434977175186,25.184377575620275
0.39,1.0,0.007444168734491316,-2.4527487630716967e-15,22.54074188690017,-7.109793447693e-06,6574257.700319273
0.38493608571920224,0.7234859578463204,0.007444168734491316,0.0002870619517512464,29.432474613127983,0.008589730887837554,1.1700569415072577
0.3795807361415212,0.7516377042830623,0.007444168734491316,0.0005994718108941645,29.83266343017643,0.01817746511878838,1.2193107827940886
0.3738960391113136,0.7831414103879665,0.007444168734491316,0.0009407834166113904,30.269610684651727,0.028937310881911014,1.2746772721958355
0.36783730576281076,0.8185836157587056,0.007444168734491316,0.0013152602314568213,30.74973646094841,0.04108614081848912,1.3373413510273497
0.3613514742603772,0.8587681588602447,0.007444168734491316,0.0017280634759495358,31.28095390906599,0.054897655460476015,1.408836470588035
0.35437502746336236,0.9046995858489754,0.007444168734491316,0.0021855080865236898,31.87332016315298,0.07072208628317872,1.4911304863501276
0.346831256468963,0.9576915738542069,0.007444168734491316,0.002695410439888414,32.5397151439936,0.08901489746916025,1.5868164901598307
0.33862658983982163,1.0194883805558441,0.007444168734491316,0.0032675770314213575,33.29698495927623,0.11037922343797164,1.6993763616597672
0.32964566319443495,1.0924609605187574,0.007444168734491316,0.003914489605330847,34.1674005515791,0.13563060879250977,1.8335895192218898
0.3197444424842547,1.1798917804361353,0.007444168734491316,0.004652322068051278,35.18130507554648,0.16589870741491114,1.9961925382470296
0.30874060750499205,1.2864505410436164,0.007444168734491316,0.005502454164686075,36.38098012673379,0.20279254919018863,2.1969643804245766
0.29639971384985586,1.4190421131793292,0.007444168734491316,0.0064938263154661596,37.82718573881887,0.2486824483917767,2.4506350358447246
0.2824148592672958,1.588174745331833,0.007444168734491316,0.0076667368550755385,39.610463279299154,0.30720084128674946,2.7802968732638282
0.2663761167973862,1.8106860539341838,0.007444168734491316,0.009079248828014093,41.87176566185464,0.384192667476686,3.2241301816281345
0.2477236428972423,2.1148277559841975,0.007444168734491316,0.010818600256161263,44.84266334554937,0.48963863068314833,3.8490678907048474
0.2256758988308269,2.5510190334463365,0.007444168734491316,0.013022782320006858,48.9292964230814,0.6418956264411051,4.781460868765843
0.1991280177859727,3.214773297554549,0.007444168734491316,0.01592407119265126,54.9015953112907,0.8779611244727702,6.279999663974022
0.16657393683027621,4.290494517413413,0.007444168734491316,0.01994024442810886,64.33735587292679,1.280613243278762,8.911568094510066
0.12650884499819895,6.059817951227891,0.007444168734491316,0.025839373744427067,80.49471466960048,2.0491989925854206,13.839346092210763
0.08024665661704387,8.33837825058509,0.007444168734491316,0.034680367283171046,107.99866234828687,3.595249724488535,21.966867809643553
0.2663761167973862,1.8106860539341838,0.007444168734491316,0.009079248828014093,41.87176566185464,0.384192667476686,3.2241301816281345
0.26287597805568036,1.863783595766935,0.007444168734491316,0.009397474996152545,42.399458147836036,0.4025781214764034,3.331726850316638
0.259266613987988,1.920382823491586,0.007444168734491316,0.009729504428370372,42.95747020310258,0.42218514000668844,3.4471281625324144
0.2555422777222475,1.9808194524662348,0.007444168734491316,0.010076306598831367,43.54855217006692,0.44313530159985265,3.571156051589784
0.2516968180114744,2.045485255049667,0.007444168734491316,0.010438947056313572,44.17579070403566,0.4655675095571596,3.704778988516241
0.2477236428972423,2.1148277559841975,0.007444168734491316,0.010818600256161263,44.84266334554937,0.48963863068314833,3.8490678907048474
0.24361568568492978,2.189303644939193,0.007444168734491316,0.011216563609661459,45.553098225090665,0.5155285787187127,4.005273078570106
0.23936536677915138,2.269478727161032,0.007444168734491316,0.011634274122083595,46.31154704355368,0.5434429713763558,4.174819199304934
0.23496456572902696,2.3559929138108933,0.007444168734491316,0.012073325814597809,47.12306242233826,0.5736189959996897,4.359366903001642
0.23040451661601374,2.4495650646258778,0.007444168734491316,0.012535502316677346,47.99345196417703,0.6063308119032004,4.560840912282335
0.2256758988308269,2.5510190334463365,0.007444168734491316,0.013022782320006858,48.9292964230814,0.6418956264411051,4.781460868765843
0.22076867611169373,2.661289025658577,0.007444168734491316,0.013537389698844783,49.93819339996052,0.6806826234495835,5.023806206266228
0.2156720800077484,2.7815040013645462,0.007444168734491316,0.014081826016663516,51.02893019234853,0.7231263651213461,5.290953447872594
0.21037468691900066,2.9128295036635814,0.007444168734491316,0.014658897676511443,52.21159409010668,0.7697348724908468,5.586447772461684
0.2048643016384456,3.0567143622094566,0.007444168734491316,0.015271780671663113,53.49792986506369,0.8211090817178711,5.914489040290591
0.1991280177859727,3.214773297554549,0.007444168734491316,0.01592407119265126,54.9015953112907,0.8779611244727702,6.279999663974022
0.1931523205664798,3.388851816937396,0.007444168734491316,0.01661984351136363,56.43847819111719,0.9411386653747178,6.688790179194874
0.18692321305500692,3.5810820461153554,0.007444168734491316,0.017363723127620526,58.127091918051335,1.0116540859769554,7.14769174343047
0.18042640419283737,3.793696248616434,0.007444168734491316,0.01816097300005308,59.9890497751918,1.0907204166026168,7.664710964256997
0.17364777503573878,4.029261506097193,0.007444168734491316,0.019017561136506843,62.04945353381267,1.1797904368984116,8.249090675101451
0.16657393683027621,4.290494517413413,0.007444168734491316,0.01994024442810886,64.33735587292679,1.280613243278762,8.911568094510066
0.15919313725791182,4.5801811850268095,0.007444168734491316,0.02093662627035888,66.88607759832034,1.3952800029566788,9.664180382554328
0.15149651452400162,4.900714988646285,0.007444168734491316,0.022015183153042815,69.7333221497328,1.5262864650104881,10.520123759079793
0.14347998634868347,5.254031173636964,0.007444168734491316,0.023185187430319856,72.92071710907688,1.6765763766711168,11.492975729900317
0.13514645814813306,5.640837954757953,0.007444168734491316,0.024456545132555744,76.49281563743293,1.8495814204084364,12.595879568474817
0.12650884499819895,6.059817951227891,0.007444168734491316,0.025839373744427067,80.49471466960048,2.0491989925854206,13.839346092210763
0.11759322757244983,6.50676199291071,0.007444168734491316,0.027343312397263998,84.96837460845109,2.2797075532599096,15.22847591365567
0.10844171824752262,6.9730656497110015,0.007444168734491316,0.02897647741318309,89.94737336864655,2.545576964678384,16.759562661703793
0.09911405089507394,7.445849735763443,0.007444168734491316,0.030744078503828143,95.4505630427713,2.8511397530113403,18.41632398367359
0.08968631037450131,7.907745016431055,0.007444168734491316,0.0326469754392439,101.47636214650319,3.200148460807235,20.167571858707163
0.08024665661704387,8.33837825058509,0.007444168734491316,0.034680367283171046,107.99866234828687,3.595249724488535,21.966867809643553
