shrinking_speed_steady_state,velocity_decay_timescale,equilibrium_density,P0_end_fit,lengthscale_density_end_fit,accumulation_end_fit,accumulation_timescale
0.2950746069827473,3.197211074132848,0.002493765586034913,0.00538637609862038,37.992355472534186,0.20722249455115854,4.082966756805334
0.2948466113831709,3.3103168093428827,0.002493765586034913,0.005637067660706329,38.020356699554796,0.2170265245053414,4.188884994516684
0.29460375547243245,3.430791545256584,0.002493765586034913,0.005904239428243856,38.05029568362457,0.22748980505985922,4.30191687079838
0.29434457113761847,3.5593573988116605,0.002493765586034913,0.006189520519643896,38.082243389718826,0.2386809961933068,4.422801931178738
0.2940673334724423,3.696841888568041,0.002493765586034913,0.006494850008022413,38.11650277610013,0.25067866528659954,4.552395466504337
0.2937700991247804,3.84418250282609,0.002493765586034913,0.00682240277718911,38.15330153663813,0.2635731184241218,4.691666483844059
0.2934506272769023,4.0024744498318325,0.002493765586034913,0.00717469289993104,38.192932609269405,0.2774685405101082,4.841756259051549
0.2931063304651491,4.1729757188749,0.002493765586034913,0.007554627092771409,38.235734349510224,0.29248599062533653,5.003976734438808
0.29273420413986495,4.357153313258575,0.002493765586034913,0.00796558560769141,38.28210223254009,0.3087667975908735,5.179868782255901
0.2923307386459966,4.556720775696886,0.002493765586034913,0.008411523423430172,38.33250241760869,0.32647696222175876,5.371234452328856
0.2918918111182198,4.773705702115212,0.002493765586034913,0.008897094047653006,38.38748250498373,0.34581288721722014,5.580218425329264
0.291412544284554,5.010497331326033,0.002493765586034913,0.009427812711858871,38.44769400594269,0.36700874947976336,5.8093602012362116
0.2908871260454766,5.270000770861081,0.002493765586034913,0.010010265086939236,38.51391884829158,0.3903449958850292,6.061755140701248
0.2903085747623541,5.555685891539808,0.002493765586034913,0.01065237966904635,38.587103890082496,0.4161618899375122,6.341122187277107
0.2896684313133023,5.871772710455177,0.002493765586034913,0.011363786646793134,38.66840084419362,0.44487640587915633,6.6520099161030455
0.28895634945526155,6.223484237117338,0.002493765586034913,0.01215629581629686,38.75923451870308,0.4770026756015966,7.000073607844212
0.2881595388744908,6.617261727919153,0.002493765586034913,0.013044551522897846,38.861378997436304,0.5131843918097463,7.392359512780798
0.28726200401078256,7.061377571291597,0.002493765586034913,0.014046930062877508,38.97707631469412,0.5542358976489854,7.83789216844183
0.2862434787595927,7.566182752114108,0.002493765586034913,0.015186803451149939,39.10920014965859,0.6012054788381342,8.348161516019427
0.2850779167688504,8.145255617700963,0.002493765586034913,0.016494340684588316,39.26148955493022,0.6554620457903056,8.93829818522335
0.28373128319399815,8.816504880573092,0.002493765586034913,0.018009162731637194,39.438906157531996,0.7188286676418677,9.628463793059916
0.2821582841000988,9.603969738970294,0.002493765586034913,0.019784305897787555,39.64816634343165,0.7937846331767939,10.446069054310001
0.28029736225724233,10.540799870594045,0.002493765586034913,0.021892346263498456,39.89858364990773,0.8837872641356614,11.429410795149334
0.27806281905921,11.673669562176716,0.002493765586034913,0.02443515500357573,40.20344010063294,0.9937976312488102,12.633400430872673
0.2753320115358046,13.07029276094465,0.002493765586034913,0.027559981402009725,40.58230417081402,1.1311805147957446,14.139456596347378
0.27192376831820225,14.8317480975674,0.002493765586034913,0.03148706280841521,41.06514245200203,1.3073191195380718,16.072933847412394
0.26756076732193707,17.1140239847368,0.002493765586034913,0.036558919285673,41.69995975269502,1.5406824351507231,18.635644007057415
0.2618025393156177,20.164078006952483,0.002493765586034913,0.0433312149251565,42.56767506545554,1.8630337641689338,22.169121123808505
0.2539283945712348,24.376430696944947,0.002493765586034913,0.05274085019368887,43.81210997574113,2.332975550100861,27.284594972329444
0.24276811049448327,30.348372031569607,0.002493765586034913,0.06638306214734829,45.69847970935097,3.0678886649615267,35.13853366705555
0.22663980537744724,38.77447490883525,0.002493765586034913,0.08676744497146321,48.70717867508471,4.324665016031033,48.018693106001095
0.2904970258598138,3.1819277349323363,0.002493765586034913,0.005262030017631019,38.563232534068796,0.20542819739184476,4.116366716636897
0.2900689965450696,3.2931253617079617,0.002493765586034913,0.005502858458973758,38.61748742672371,0.21512844530282604,4.224227634445184
0.28961414672705343,3.411537500552883,0.002493765586034913,0.005759097642137212,38.675310548416306,0.22547897196816583,4.339357479136436
0.28912987822574504,3.5378543997429666,0.002493765586034913,0.006032270827468373,38.737060504196684,0.236546530026038,4.4625149789399705
0.2886132439140798,3.6728802581653097,0.002493765586034913,0.006324110904529915,38.80315249075177,0.2484082627664118,4.594572092984829
0.28806088985727046,3.8175672322621703,0.002493765586034913,0.006636595445628177,38.874063281348874,0.2611523161952442,4.736547754793258
0.2874689886655924,3.9728255526772998,0.002493765586034913,0.006971986940517282,38.95033225366345,0.2748810132818371,4.889514355731368
0.286833139248554,4.140021893094123,0.002493765586034913,0.007332896536207728,39.0325979190719,0.28971242982331546,5.054918080771183
0.28614827240918506,4.320505725173886,0.002493765586034913,0.007722340804265441,39.12158982176385,0.30578433761842216,5.234288154334857
0.28540850144073643,4.51592698678265,0.002493765586034913,0.008143836957123136,39.218175478589544,0.323258562515868,5.429472979618677
0.284606977933169,4.728234250064576,0.002493765586034913,0.008601490932578455,39.32335502089228,0.3423260377441164,5.6426728307263545
0.28373566036864806,4.959679999684779,0.002493765586034913,0.009100146076845806,39.43832704446499,0.36321383839090154,5.876453643772499
0.2827850548981586,5.2130085784363525,0.002493765586034913,0.009645547378671267,39.56452273857728,0.38619416560321923,6.13395764989187
0.28174387705545323,5.491493666991244,0.002493765586034913,0.010244558295577069,39.703662128570535,0.4115958575109676,6.4189659138779485
0.28059860914316886,5.799115806140086,0.002493765586034913,0.010905447212228078,39.8578339208555,0.43982019723542143,6.736112810985116
0.2793329231290484,6.140747978700941,0.002493765586034913,0.0116382642107095,40.02959956133934,0.47136152718088875,7.091117261560909
0.2779269223891031,6.522313515758143,0.002493765586034913,0.012455340978396942,40.22213047707513,0.5068347204928974,7.491064891641467
0.27635611943030264,6.951415388770691,0.002493765586034913,0.013371972874726202,40.439402377901764,0.5470173357011445,7.94503927074283
0.2745900370120321,7.437498567805626,0.002493765586034913,0.014407364495902497,40.68647145625191,0.5929015807040494,8.464566186054626
0.27259032542928974,7.9927572258858195,0.002493765586034913,0.015585920959683027,40.96984203830063,0.6457767842254701,9.064702145105828
0.270308039469858,8.632976988605813,0.002493765586034913,0.016939147516327156,41.29805003484867,0.7073455329344459,9.765334175618959
0.2676798657831813,9.379061583442628,0.002493765586034913,0.018508336313189044,41.682473815068825,0.7799013089093035,10.593308819842315
0.26462256318850186,10.259109916738169,0.002493765586034913,0.02034861856368768,42.138621057141506,0.8666035203179441,11.585610940691085
0.2610247940844198,11.31168430563841,0.002493765586034913,0.0225350947846061,42.68812960338974,0.9719147641098096,12.794521248123113
0.2567348713343709,12.590199705346572,0.002493765586034913,0.025172370227221116,43.362010639743524,1.1023247072276368,14.295602240610057
0.251542200614077,14.170382519665313,0.002493765586034913,0.02840970120752749,44.206069244962926,1.2675887409378606,16.201669230585388
0.24514949627974306,16.159916493349694,0.002493765586034913,0.032465275539510306,45.29018910297533,1.4829365195935373,18.68598696817742
0.2371334590361035,18.71004068760317,0.002493765586034913,0.03766462123335302,46.72450227613812,1.773163787216416,22.022552681170808
0.22690242412245798,22.018454196404143,0.002493765586034913,0.044494608010281676,48.68634299135172,2.180454887308063,26.652918724052096
0.21370033453322296,26.288455261198806,0.002493765586034913,0.053651719761117635,51.45874345193152,2.779519076034315,33.28730136437121
0.1968118433741011,31.55791091152208,0.002493765586034913,0.0659834986155456,55.45798103948347,3.7056122422136997,43.011645539421515
0.28622361398259794,3.1696424120494084,0.002493765586034913,0.005146020037414752,39.111786462143485,0.20370635285997044,4.148972403495924
0.2856186738983312,3.279128545762967,0.002493765586034913,0.005377913821402443,39.190689661971895,0.21330957452650776,4.258684038621339
0.2849771506106787,3.3957311862593937,0.002493765586034913,0.005624301793739812,39.27471061770209,0.2235538881867536,4.375839786584123
0.28429562155516364,3.5200794777080926,0.002493765586034913,0.005886583291720841,39.364362816821966,0.2345053928105975,4.501180389447004
0.28357022438526486,3.652958139518687,0.002493765586034913,0.0061663436123459555,39.46023192967195,0.24623965890623517,4.635605312331669
0.28279658574659994,3.7952491842785476,0.002493765586034913,0.0064653850769276645,39.56298635093294,0.2588432324220381,4.780121225992198
0.2819697302124173,3.9479719827787503,0.002493765586034913,0.0067857675049340345,39.673397872705124,0.27241661264429873,4.935912195586106
0.28108398182831507,4.112306621930295,0.002493765586034913,0.007129851299424376,39.79235090029659,0.2870743781621346,5.104362414260116
0.28013282903206943,4.289610549333771,0.002493765586034913,0.007500358392236513,39.920874873788975,0.3029521788755035,5.287060166038413
0.2791087682219211,4.481466253319312,0.002493765586034913,0.007900442638918518,40.060171459235114,0.3202074896469032,5.485885371996098
0.2780031105555922,4.68972858160054,0.002493765586034913,0.008333777614191384,40.21164980525571,0.3390264654948333,5.703055780421113
0.276805738882342,4.91662595907779,0.002493765586034913,0.008804668298460801,40.37697476114194,0.3596302033532761,5.941237071181646
0.2755048044069874,5.164700276546266,0.002493765586034913,0.009318191854986531,40.55812710351673,0.38228289386655073,6.2035708471398445
0.2740863413856913,5.437086427171501,0.002493765586034913,0.009880378567536036,40.75748311448106,0.407303053090361,6.4938947223795465
0.2725337710215246,5.737527718885133,0.002493765586034913,0.010498447801306751,40.97792137522469,0.4350786108222658,6.816887148048608
0.2708273352434414,6.070670710069734,0.002493765586034913,0.011181080608169804,41.222917972415374,0.46608647960124683,7.178358235409877
0.2689431448330963,6.442099672853575,0.002493765586034913,0.011938885951968839,41.49681824216076,0.5009173817034909,7.585451240000032
0.2668522481855403,6.858750578014657,0.002493765586034913,0.012784866414044175,41.8049926417096,0.5403142661737796,8.047203085480271
0.2645191383046346,7.329404174981091,0.002493765586034913,0.01373517536240363,42.154224380677455,0.585222903397849,8.575185267795593
0.2618998707600182,7.86513442134467,0.002493765586034913,0.014810099242706539,42.553183858761415,0.6368634524798709,9.184313340466444
0.2589394621793864,8.4802104662193,0.002493765586034913,0.01603544583567979,43.013121500386006,0.6968377325831225,9.894245036431926
0.25556832563195553,9.19313999355715,0.002493765586034913,0.017444511338043367,43.54888770003321,0.7672838686898381,10.731211586950584
0.2516974457827091,10.02836515575251,0.002493765586034913,0.019080854294306525,44.18040574921879,0.8511166841246658,11.730993509961777
0.2472114047445279,11.018394241830142,0.002493765586034913,0.02100247441717081,44.9350285165586,0.9523969985654738,12.943234366878348
0.24195900083396685,12.207040970636585,0.002493765586034913,0.02328783603242658,45.851084993140226,1.0769295413992623,14.438471078958546
0.23574019615766348,13.653279640769432,0.002493765586034913,0.02604495860845073,46.98363239090404,1.2332376992692542,16.318841827411248
0.228289754443448,15.43560566076996,0.002493765586034913,0.029424580604992485,48.41358468189516,1.4342193454239438,18.735238200185858
0.2192609605899856,17.65306920885633,0.002493765586034913,0.03363794479816093,50.262000668340896,1.699981005067874,21.912758225310895
0.20822541502827266,20.41325850026247,0.002493765586034913,0.03897490538164763,52.71018163528371,2.0626975257705946,26.18488743735036
0.19473499567804523,23.782871962174998,0.002493765586034913,0.04580254926847588,56.01944722999915,2.574606513516438,32.024261200681316
0.17852817725580652,27.668863529867014,0.002493765586034913,0.054495007833315644,60.52432392056198,3.3193699338339724,40.02448192736975
0.28221837490351087,3.1598634191613697,0.002493765586034913,0.005037345091303122,39.640131939422005,0.20205071599976543,4.18074810713566
0.2814558554915525,3.2679177328377054,0.002493765586034913,0.005261103568274863,39.74232333904401,0.2115616667962782,4.292296061781792
0.2806487184195103,3.3829165440960245,0.002493765586034913,0.005498547998056215,39.85106479918758,0.2217054097910702,4.411401088916535
0.2797929249434766,3.5055568267037005,0.002493765586034913,0.005750969707223982,39.967003543620486,0.23254747126304492,4.538863707443696
0.278883931253564,3.636546831784717,0.002493765586034913,0.0060198291650340584,40.09088238546332,0.2441618712295067,4.675562277241408
0.27791661253134575,3.776770769263167,0.002493765586034913,0.006306782337816264,40.223548031285006,0.2566334965504493,4.822543479116894
0.27688517173511784,3.927190595616599,0.002493765586034913,0.006613712728599826,40.36596562440797,0.27006021866071256,4.980991060165028
0.2757830095151297,4.089051938182439,0.002493765586034913,0.006942778498907304,40.51926045623038,0.28455587375395786,5.152375261386275
0.27460263039395155,4.2635638521384305,0.002493765586034913,0.007296444531916057,40.68469798716817,0.3002516928952729,5.3382394060677125
0.2733353915952806,4.452268987426016,0.002493765586034913,0.007677576748181134,40.863807998149575,0.3173021615037773,5.540506603400787
0.2719713792147896,4.65705765025014,0.002493765586034913,0.00808948527629627,41.05834197794693,0.3358894115575966,5.761489399542671
0.2704991133198385,4.879936733875418,0.002493765586034913,0.008536035545911558,41.270373897441736,0.3562282440134513,6.003805229650125
0.26890524036600694,5.123448342021148,0.002493765586034913,0.009021764522818604,41.50236497092394,0.3785762351050123,6.270694421502928
0.26717414163308234,5.3905526522921345,0.002493765586034913,0.009552031139753094,41.7572561159028,0.403242509445211,6.566011955460557
0.2652874379560229,5.684863834093932,0.002493765586034913,0.010133209797289152,42.038590638423926,0.4306033162035571,6.894518649300066
0.26322337449269645,6.010700520769983,0.002493765586034913,0.010772935487570719,42.35066796530117,0.4611185671974051,7.261998948074106
0.2609559831522322,6.373379228953685,0.002493765586034913,0.011480443306649766,42.69877953244092,0.49535848547925326,7.675680188673799
0.2584541171276509,6.77940261312892,0.002493765586034913,0.012266972706544574,43.08945961940052,0.5340353605472066,8.144583158349668
0.2556800278236658,7.236909141417153,0.002493765586034913,0.013146372039638308,43.53092663514929,0.5780529156730381,8.680221715015557
0.25258770878018244,7.756153142604255,0.002493765586034913,0.014135835346967413,44.03358384775157,0.6285724832321848,9.29743957178212
0.24912050103840713,8.350038040224966,0.002493765586034913,0.015256990973306444,44.61082395696834,0.6871053648968775,10.015494605038391
0.24520809039075697,9.035244717390649,0.002493765586034913,0.016537347377001,45.280194143825874,0.7556575422744586,10.860064842171731
0.24076246341970067,9.833223330777855,0.002493765586034913,0.018012329335539232,46.06488252721658,0.8369337347860747,11.865584258616343
0.23567254928187661,10.772021531180323,0.002493765586034913,0.019728184342232804,46.996308994314575,0.9346606765240644,13.079348856644836
0.22979745907622415,11.888135121322334,0.002493765586034913,0.021746030984666178,48.117692376690535,1.054079639788267,14.567117316007034
0.22295840689069044,13.228551266528504,0.002493765586034913,0.024147500627535973,49.48959128984869,1.2027302845586032,16.421585255532406
0.2149305567067881,14.852026575843022,0.002493765586034913,0.02704230175432343,51.198270010783496,1.391720468732587,18.77488987439115
0.20544132561191455,16.825322535438026,0.002493765586034913,0.03057644759952144,53.36720425893656,1.637734080555773,21.814037389202497
0.194189451923153,19.207175740769696,0.002493765586034913,0.034936999791464945,56.17069399735969,1.9661703350902187,25.796359716017953
0.18091940397617587,22.005245509230043,0.002493765586034913,0.0403390866686738,59.840257028462986,2.4155408539653256,31.048025385811936
0.16558598438004202,25.097791452287684,0.002493765586034913,0.04697217337414679,64.64147289643199,3.042165994521159,37.91023453973944
